ndup,  28800,  0.01,  1000.0,  1.47,  2439213746.52,  9.98586552589,  15,  6.84835190468,  11,  0.0067185191229,  1,  4.16647084991
ndup,  32400,  0.01,  1000.0,  1.42,  1728849999.61,  12.7671581497,  16,  9.38441000465,  11,  0.219755316098,  1,  5.3006414543
ndup,  36000,  0.01,  1000.0,  1.42,  2201488654.42,  6.83828130441,  14,  11.9822759828,  13,  4.41457264665,  3,  3.15533373289
ndup,  39600,  0.01,  1000.0,  1.29,  502448617.745,  8.46443947685,  15,  14.7016201375,  15,  5.60482957966,  3,  3.79811926864
ndup,  43200,  0.01,  1000.0,  1.17,  126070414.11,  9.86631209339,  14,  17.6097987204,  15,  6.84719018681,  4,  4.53272575191
ndup,  46800,  0.01,  1000.0,  1.09,  51912835.527,  10.3648913274,  13,  20.4298049868,  16,  8.69373834638,  6,  5.18363342588
ndup,  50400,  0.01,  1000.0,  1.02,  23882241.3101,  10.4210335254,  12,  23.1716236976,  17,  10.9344097156,  7,  5.89340979298
ndup,  54000,  0.01,  1000.0,  1.21,  325099879.098,  7.49701122788,  11,  23.427054055,  14,  16.6750657076,  14,  6.52850412635
ndup,  57600,  0.01,  1000.0,  1.01,  26444426.2722,  9.27185109507,  10,  26.0568796833,  15,  18.2538179502,  15,  6.85809080741
ndup,  61200,  0.01,  1000.0,  0.96,  15192070.1464,  11.3609161068,  9,  28.3038781075,  15,  19.9140486537,  15,  6.9170423672
ndup,  64800,  0.01,  1000.0,  0.87,  5131505.40554,  21.4746321938,  6,  30.9579579594,  15,  16.4418195314,  17,  6.01831413945
ndup,  68400,  0.01,  1000.0,  0.85,  4296089.25352,  22.3994521272,  5,  32.7097846445,  15,  19.1290715559,  18,  5.78728600462
ndup,  72000,  0.01,  1000.0,  0.83,  3573845.33263,  22.8481882889,  4,  35.2004000762,  15,  21.5648321383,  19,  6.14774441053
ndup,  75600,  0.01,  1000.0,  0.81,  2956923.92446,  24.2810744668,  4,  37.6850526641,  15,  23.4085281071,  19,  6.53407412542
ndup,  79200,  0.01,  1000.0,  0.79,  2434794.31763,  25.7115033385,  4,  40.1700969835,  15,  25.253490451,  19,  6.92632543629
ndup,  82800,  0.01,  1000.0,  0.77,  1996487.88182,  27.1419322102,  4,  42.7157573301,  16,  27.0515346023,  18,  7.36297097539
ndup,  86400,  0.01,  1000.0,  0.77,  2117151.99876,  28.5723610819,  4,  45.202399691,  16,  28.895328039,  18,  7.7644709175
ndup,  90000,  0.01,  1000.0,  0.75,  1723971.65975,  30.0027899537,  4,  47.6890420519,  16,  30.7391214757,  18,  8.16935673336
ndup,  93600,  0.01,  1000.0,  0.75,  1816893.6173,  31.443164064,  4,  50.1995197639,  16,  32.5577639159,  18,  8.59117610221
ndup,  97200,  0.01,  1000.0,  0.68,  766431.252965,  32.874164924,  4,  52.6867714414,  16,  34.4009096546,  18,  9.00150029332
ndup,  100800,  0.01,  1000.0,  0.68,  803678.630007,  34.3099706733,  4,  55.1701017377,  16,  36.2440553932,  18,  9.41087421826
ndup,  104400,  0.01,  1000.0,  0.68,  840926.441818,  35.7412193723,  4,  57.6573367848,  16,  38.0872011318,  18,  9.8251946112
ndup,  108000,  0.01,  1000.0,  0.68,  878174.253629,  37.1724680713,  4,  60.1445718319,  16,  39.9303468704,  18,  10.2411931675
ndup,  111600,  0.01,  1000.0,  0.64,  543300.519844,  41.6041257576,  5,  62.6318068789,  16,  39.7000047621,  17,  10.3904689148
ndup,  115200,  0.01,  1000.0,  0.63,  496280.16259,  47.2799877018,  6,  65.119041926,  16,  38.5845882646,  16,  11.044953891
ndup,  118800,  0.01,  1000.0,  0.62,  452653.854785,  48.9847513126,  6,  67.6062769731,  16,  40.2190026448,  16,  11.4195853338
ndup,  122400,  0.01,  1000.0,  0.62,  469613.755615,  46.2549492809,  5,  70.0935120201,  16,  44.9569403591,  17,  11.5557063128
ndup,  126000,  0.01,  1000.0,  0.61,  427164.72086,  52.3942785342,  6,  72.5807470672,  16,  43.4878314052,  16,  12.1710770728
ndup,  129600,  0.01,  1000.0,  0.61,  442053.76212,  49.3554982965,  5,  75.0679821143,  16,  48.4615640905,  17,  12.3370824144
ndup,  133200,  0.01,  1000.0,  0.6,  401148.396654,  55.8038057557,  6,  77.5552171613,  16,  46.7566601656,  16,  12.9251084435
ndup,  136800,  0.01,  1000.0,  0.6,  414213.409927,  57.5085693665,  6,  80.0424522084,  16,  48.3910745458,  16,  13.3029415948
ndup,  140400,  0.01,  1000.0,  0.65,  820383.061252,  50.0537063627,  4,  82.4851754816,  16,  56.5549027674,  18,  14.0096981764
ndup,  144000,  0.01,  1000.0,  0.59,  386583.104922,  60.9180965881,  6,  85.0169223025,  16,  51.6599033062,  16,  14.0600231546
ndup,  147600,  0.01,  1000.0,  0.59,  398058.435166,  57.1068708353,  5,  87.5041573496,  16,  57.2231234189,  17,  14.3020960313
ndup,  151200,  0.01,  1000.0,  0.63,  690143.987289,  54.3474524598,  4,  89.9447828051,  16,  62.0864378011,  18,  15.2867015852
ndup,  154800,  0.01,  1000.0,  0.58,  369590.514067,  66.0323874204,  6,  92.4786274437,  16,  56.5631464469,  16,  15.1986545867
ndup,  158400,  0.01,  1000.0,  0.58,  379662.243001,  61.7576943586,  5,  94.9658624908,  16,  62.4800590159,  17,  15.4870256408
ndup,  162000,  0.01,  1000.0,  0.59,  444063.304881,  58.6411985569,  4,  97.4043901285,  16,  67.6179728347,  18,  16.5677000095
ndup,  165600,  0.01,  1000.0,  0.59,  455565.214179,  60.0724472559,  4,  99.890925903,  16,  69.4618178459,  18,  16.9954312128
ndup,  169200,  0.01,  1000.0,  0.57,  359819.213188,  72.8514418636,  6,  102.377461677,  16,  63.1426423978,  16,  16.6847158169
ndup,  172800,  0.01,  1000.0,  0.59,  478569.032775,  62.934944654,  4,  104.863997452,  16,  73.1495078683,  18,  17.8518334562
ndup,  176400,  0.01,  1000.0,  0.59,  490070.942073,  64.366193353,  4,  107.350533226,  16,  74.9933528795,  18,  18.280460467
ndup,  180000,  0.01,  1000.0,  0.59,  501572.85137,  65.7974420521,  4,  109.837069001,  16,  76.8371978907,  18,  18.7093453893
ndup,  183600,  0.01,  1000.0,  0.56,  346921.029794,  79.6704963067,  6,  112.323604775,  16,  69.6830970089,  16,  18.2092361789
ndup,  187200,  0.01,  1000.0,  0.56,  354680.089478,  74.1598904208,  5,  114.81014055,  16,  76.5438887342,  17,  18.6262428714
ndup,  190800,  0.01,  1000.0,  0.57,  412959.845959,  70.0911881492,  4,  117.296676324,  16,  82.3687329243,  18,  19.9973816334
ndup,  194400,  0.01,  1000.0,  0.57,  421818.81298,  71.5224368482,  4,  119.783212099,  16,  84.2125779355,  18,  20.4271391465
ndup,  198000,  0.01,  1000.0,  0.57,  430677.780001,  72.9536855473,  4,  122.269747873,  16,  86.0564229467,  18,  20.8570814858
ndup,  201600,  0.01,  1000.0,  0.57,  439536.747021,  74.3849342463,  4,  124.756283648,  16,  87.9002679579,  18,  21.2871974524
ndup,  205200,  0.01,  1000.0,  0.55,  345426.484851,  89.8990779714,  6,  127.242819422,  16,  79.4937789257,  16,  20.5014800065
ndup,  208800,  0.01,  1000.0,  0.55,  352240.501676,  83.4615374675,  5,  129.729355197,  16,  87.0619555638,  17,  21.0137017717
ndup,  212400,  0.01,  1000.0,  0.55,  359063.931651,  78.6786803434,  4,  132.215890971,  16,  93.4318029915,  18,  22.5784878691
ndup,  216000,  0.01,  1000.0,  0.55,  365887.389528,  80.1099290424,  4,  134.702426746,  16,  95.2756480027,  18,  23.0092027944
ndup,  219600,  0.01,  1000.0,  0.55,  372710.847406,  81.5411777415,  4,  137.18896252,  16,  97.119493014,  18,  23.4400470326
ndup,  223200,  0.01,  1000.0,  0.55,  379534.305283,  82.9724264405,  4,  139.675498295,  16,  98.9633380252,  18,  23.8710135818
ndup,  226800,  0.01,  1000.0,  0.55,  386357.76316,  84.4036751396,  4,  142.162034069,  16,  100.807183036,  18,  24.302095935
ndup,  230400,  0.01,  1000.0,  0.54,  345099.858063,  101.832423247,  6,  144.648569844,  16,  90.9395744952,  16,  23.1817283045
ndup,  234000,  0.01,  1000.0,  0.54,  351080.040021,  94.3134590219,  5,  147.135105618,  16,  99.3330335315,  17,  23.8056029193
ndup,  237600,  0.01,  1000.0,  0.55,  406828.136792,  88.6974212367,  4,  149.621641393,  16,  106.33871807,  18,  25.5959793
ndup,  241200,  0.01,  1000.0,  0.55,  413651.594669,  90.1286699357,  4,  152.108177167,  16,  108.182563081,  18,  26.0274682834
ndup,  244800,  0.01,  1000.0,  0.54,  369044.715824,  91.5599186347,  4,  154.594712942,  16,  110.026408092,  18,  26.4590466011
ndup,  248400,  0.01,  1000.0,  0.54,  375033.219729,  92.9911673338,  4,  157.081248716,  16,  111.870253104,  18,  26.8907099517
ndup,  252000,  0.01,  1000.0,  0.54,  381021.723634,  94.4224160328,  4,  159.567784491,  16,  113.714098115,  18,  27.3224543051
ndup,  255600,  0.01,  1000.0,  0.54,  387010.227539,  95.8536647319,  4,  162.054320265,  16,  115.557943126,  18,  27.754275881
ndup,  259200,  0.01,  1000.0,  0.54,  392998.731444,  97.2849134309,  4,  164.54085604,  16,  117.401788137,  18,  28.1861711302
ndup,  262800,  0.01,  1000.0,  0.53,  350196.333811,  117.175295744,  6,  167.027391814,  16,  105.65559737,  16,  26.6342137661
ndup,  266400,  0.01,  1000.0,  0.53,  355444.491579,  118.880059355,  6,  169.513927588,  16,  107.290711023,  16,  27.0181632051
ndup,  270000,  0.01,  1000.0,  0.53,  360696.794431,  101.578659528,  4,  172.000463363,  16,  122.933323171,  18,  29.4822665368
ndup,  273600,  0.01,  1000.0,  0.53,  365952.538771,  103.009908227,  4,  174.486999137,  16,  124.777168182,  18,  29.9144250313
ndup,  277200,  0.01,  1000.0,  0.53,  371208.28311,  104.441156926,  4,  176.973534912,  16,  126.621013193,  18,  30.3466423619
ndup,  280800,  0.01,  1000.0,  0.53,  376464.027449,  105.872405625,  4,  179.460070686,  16,  128.464858204,  18,  30.7789160498
ndup,  284400,  0.01,  1000.0,  0.53,  381719.771789,  107.303654324,  4,  181.946606461,  16,  130.308703216,  18,  31.2112437535
ndup,  288000,  0.01,  1000.0,  0.53,  386975.536293,  107.400257666,  4,  184.198473794,  15,  133.333724815,  19,  31.8986823262
ndup,  291600,  0.01,  1000.0,  0.57,  661069.140205,  108.470173596,  3,  186.627382422,  15,  135.493198777,  20,  32.4097000544
ndup,  295200,  0.01,  1000.0,  0.57,  669930.717682,  109.87799302,  3,  189.110530013,  15,  137.358188709,  20,  32.8485766711
ndup,  298800,  0.01,  1000.0,  0.57,  678792.295158,  111.285812444,  3,  191.593677604,  15,  139.22317864,  20,  33.2874998194
ndup,  302400,  0.01,  1000.0,  0.57,  687653.872634,  112.693631869,  3,  194.076825194,  15,  141.088168572,  20,  33.7264676826
ndup,  306000,  0.01,  1000.0,  0.57,  696515.450111,  114.101451293,  3,  196.559972785,  15,  142.953158504,  20,  34.1654785371
ndup,  309600,  0.01,  1000.0,  0.57,  705377.027587,  115.509270717,  3,  199.043120375,  15,  144.818148435,  20,  34.6045307466
ndup,  313200,  0.01,  1000.0,  0.52,  371935.470837,  141.041986295,  6,  201.838892657,  16,  128.547188509,  16,  32.0139859917
ndup,  316800,  0.01,  1000.0,  0.52,  376544.065332,  129.969772701,  5,  204.325428431,  16,  139.652289711,  17,  33.0069513666
ndup,  320400,  0.01,  1000.0,  0.52,  381156.94477,  120.113233036,  4,  206.552962714,  15,  150.080187202,  19,  35.8376270028
ndup,  324000,  0.01,  1000.0,  0.57,  740823.337493,  121.140548414,  3,  208.975710738,  15,  152.278108162,  20,  36.3611231727
ndup,  327600,  0.01,  1000.0,  0.57,  749684.914969,  122.548367838,  3,  211.458858329,  15,  154.143098094,  20,  36.8003603099
ndup,  331200,  0.01,  1000.0,  0.57,  758546.492446,  123.956187262,  3,  213.942005919,  15,  156.008088026,  20,  37.2396305394
ndup,  334800,  0.01,  1000.0,  0.57,  767408.069922,  125.364006687,  3,  216.42515351,  15,  157.873077957,  20,  37.6789327036
ndup,  338400,  0.01,  1000.0,  0.57,  776269.647399,  126.771826111,  3,  218.908301101,  15,  159.738067889,  20,  38.1182656986
ndup,  342000,  0.01,  1000.0,  0.57,  785131.224875,  128.179645535,  3,  221.391448691,  15,  161.603057821,  20,  38.5576284703
ndup,  345600,  0.01,  1000.0,  0.57,  793992.802351,  129.587464959,  3,  223.874596282,  15,  163.468047753,  20,  38.9970200125
ndup,  349200,  0.01,  1000.0,  0.57,  802854.379828,  130.995284384,  3,  226.357743873,  15,  165.333037684,  20,  39.4364393633
ndup,  352800,  0.01,  1000.0,  0.57,  811715.957304,  132.403103808,  3,  228.840891463,  15,  167.198027616,  20,  39.8758856035
ndup,  356400,  0.01,  1000.0,  0.57,  820577.534781,  133.810923232,  3,  231.324039054,  15,  169.063017548,  20,  40.3153578538
ndup,  360000,  0.01,  1000.0,  0.57,  829439.112257,  135.218742656,  3,  233.807186644,  15,  170.928007479,  20,  40.7548552727
ndup,  363600,  0.01,  1000.0,  0.51,  383158.490852,  186.262055723,  6,  236.290334235,  15,  135.851161562,  17,  41.0042197126
ndup,  367200,  0.01,  1000.0,  0.51,  387200.027377,  188.185706204,  6,  238.773481826,  15,  137.32249794,  17,  41.4172416174
ndup,  370800,  0.01,  1000.0,  0.51,  391241.563903,  190.109356685,  6,  241.256629416,  15,  138.793834317,  17,  41.8302797337
ndup,  374400,  0.01,  1000.0,  0.51,  395283.100428,  192.033007166,  6,  243.739777007,  15,  140.265170694,  17,  42.2433335859
ndup,  378000,  0.01,  1000.0,  0.51,  399324.636954,  193.956657647,  6,  246.222924598,  15,  141.736507071,  17,  42.6564027168
ndup,  381600,  0.01,  1000.0,  0.51,  403366.359566,  171.150784903,  5,  248.706072188,  15,  161.639776464,  18,  38.9954722707
ndup,  385200,  0.01,  1000.0,  0.51,  407411.377421,  172.832119239,  5,  251.189219779,  15,  163.296035037,  18,  39.3784826056
ndup,  388800,  0.01,  1000.0,  0.51,  411458.309934,  146.48129805,  3,  253.67236737,  15,  185.847926933,  20,  44.2716507385
ndup,  392400,  0.01,  1000.0,  0.51,  415507.257346,  147.889117474,  3,  256.15551496,  15,  187.712916865,  20,  44.711342156
ndup,  396000,  0.01,  1000.0,  0.51,  419556.204758,  149.296936899,  3,  258.638662551,  15,  189.577906797,  20,  45.151052024
ndup,  399600,  0.01,  1000.0,  0.51,  423605.152171,  150.704756323,  3,  261.121810141,  15,  191.442896728,  20,  45.5907798088
ndup,  403200,  0.01,  1000.0,  0.51,  427654.099583,  152.112575747,  3,  263.604957732,  15,  193.30788666,  20,  46.0305249967
ndup,  406800,  0.01,  1000.0,  0.51,  431703.046995,  153.520395171,  3,  266.088105323,  15,  195.172876592,  20,  46.4702870938
ndup,  410400,  0.01,  1000.0,  0.51,  435751.994407,  154.928214595,  3,  268.571252913,  15,  197.037866524,  20,  46.9100656245
ndup,  414000,  0.01,  1000.0,  0.5,  386115.654901,  213.696734767,  7,  271.132597373,  15,  156.005870709,  16,  47.0003277787
ndup,  417600,  0.01,  1000.0,  0.5,  389664.185519,  215.11681294,  6,  273.537548095,  15,  157.92120722,  17,  47.2010568229
ndup,  421200,  0.01,  1000.0,  0.5,  393212.752428,  217.040463421,  6,  276.020695685,  15,  159.392543598,  17,  47.6142792743
ndup,  424800,  0.01,  1000.0,  0.5,  396761.319337,  218.964113902,  6,  278.503843276,  15,  160.863879975,  17,  48.0275123952
ndup,  428400,  0.01,  1000.0,  0.5,  400309.886246,  220.887764383,  6,  280.986990867,  15,  162.335216352,  17,  48.4407559124
ndup,  432000,  0.01,  1000.0,  0.5,  403858.453155,  222.811414864,  6,  283.470138457,  15,  163.806552729,  17,  48.8540095623
ndup,  435600,  0.01,  1000.0,  0.5,  407407.020064,  224.735065346,  6,  285.953286048,  15,  165.277889106,  17,  49.2672730897
ndup,  439200,  0.01,  1000.0,  0.5,  410955.586973,  226.658715827,  6,  288.436433639,  15,  166.749225484,  17,  49.6805462483
ndup,  442800,  0.01,  1000.0,  0.5,  414504.153882,  228.582366308,  6,  290.919581229,  15,  168.220561861,  17,  50.0938287995
ndup,  446400,  0.01,  1000.0,  0.5,  418052.720791,  230.506016789,  6,  293.40272882,  15,  169.691898238,  17,  50.507120513
ndup,  450000,  0.01,  1000.0,  0.5,  421601.2877,  232.42966727,  6,  295.88587641,  15,  171.163234615,  17,  50.9204211655
ndup,  453600,  0.01,  1000.0,  0.5,  425149.854609,  234.353317751,  6,  298.369024001,  15,  172.634570993,  17,  51.3337305412
ndup,  457200,  0.01,  1000.0,  0.5,  428698.421518,  236.276968232,  6,  300.852171592,  15,  174.10590737,  17,  51.7470484311
ndup,  460800,  0.01,  1000.0,  0.5,  432246.988427,  238.200618714,  6,  303.335319182,  15,  175.577243747,  17,  52.1603746326
ndup,  464400,  0.01,  1000.0,  0.5,  435795.555336,  240.124269195,  6,  305.818466773,  15,  177.048580124,  17,  52.5737089499
ndup,  468000,  0.01,  1000.0,  0.5,  439344.122245,  242.047919676,  6,  308.301614364,  15,  178.519916501,  17,  52.987051193
ndup,  471600,  0.01,  1000.0,  0.5,  442892.689154,  243.971570157,  6,  310.784761954,  15,  179.991252879,  17,  53.4004011778
ndup,  475200,  0.01,  1000.0,  0.5,  446441.256063,  245.895220638,  6,  313.267909545,  15,  181.462589256,  17,  53.813758726
ndup,  478800,  0.01,  1000.0,  0.5,  449989.822972,  247.818871119,  6,  315.751057136,  15,  182.933925633,  17,  54.2271236645
ndup,  482400,  0.01,  1000.0,  0.5,  453538.389881,  249.7425216,  6,  318.234204726,  15,  184.40526201,  17,  54.6404958257
ndup,  486000,  0.01,  1000.0,  0.5,  457086.95679,  251.666172082,  6,  320.717352317,  15,  185.876598387,  17,  55.0538750468
ndup,  489600,  0.01,  1000.0,  0.49,  404462.696811,  253.589822563,  6,  323.200499908,  15,  187.347934765,  17,  55.4672611701
ndup,  493200,  0.01,  1000.0,  0.49,  407578.439562,  255.513473044,  6,  325.683647498,  15,  188.819271142,  17,  55.8806540423
ndup,  496800,  0.01,  1000.0,  0.49,  410694.182312,  257.437123525,  6,  328.166795089,  15,  190.290607519,  17,  56.2940535147
ndup,  500400,  0.01,  1000.0,  0.5,  471282.423013,  226.634817991,  5,  330.649942679,  15,  216.296309383,  18,  51.6427733703
ndup,  504000,  0.01,  1000.0,  0.5,  474833.548974,  207.505741765,  4,  333.13309027,  15,  233.55322475,  19,  54.1365061461
ndup,  507600,  0.01,  1000.0,  0.49,  420041.410564,  263.208074968,  6,  335.616237861,  15,  194.704616651,  17,  57.5342901108
ndup,  511200,  0.01,  1000.0,  0.49,  423157.153315,  265.13172545,  6,  338.099385451,  15,  196.175953028,  17,  57.9477145818
ndup,  514800,  0.01,  1000.0,  0.49,  426272.896065,  267.055375931,  6,  340.582533042,  15,  197.647289405,  17,  58.3611449716
ndup,  518400,  0.01,  1000.0,  0.49,  429388.638816,  268.979026412,  6,  343.065680633,  15,  199.118625782,  17,  58.7745811554
ndup,  522000,  0.01,  1000.0,  0.49,  432504.381566,  270.902676893,  6,  345.548828223,  15,  200.589962159,  17,  59.1880230116
ndup,  525600,  0.01,  1000.0,  0.49,  435620.124317,  272.826327374,  6,  348.031975814,  15,  202.061298537,  17,  59.6014704222
ndup,  529200,  0.01,  1000.0,  0.49,  438735.867067,  274.749977855,  6,  350.515123405,  15,  203.532634914,  17,  60.0149232725
ndup,  532800,  0.01,  1000.0,  0.49,  441851.609818,  276.673628336,  6,  352.998270995,  15,  205.003971291,  17,  60.4283814509
ndup,  536400,  0.01,  1000.0,  0.49,  444967.352568,  278.597278818,  6,  355.481418586,  15,  206.475307668,  17,  60.8418448485
ndup,  540000,  0.01,  1000.0,  0.49,  448083.095319,  280.520929299,  6,  357.964566177,  15,  207.946644045,  17,  61.2553133599
ndup,  543600,  0.01,  1000.0,  0.49,  451198.83807,  282.44457978,  6,  360.447713767,  15,  209.417980423,  17,  61.6687868821
ndup,  547200,  0.01,  1000.0,  0.49,  454314.58082,  284.368230261,  6,  362.930861358,  15,  210.8893168,  17,  62.0822653151
ndup,  550800,  0.01,  1000.0,  0.49,  457430.323571,  286.291880742,  6,  365.414008948,  15,  212.360653177,  17,  62.4957485612
ndup,  554400,  0.01,  1000.0,  0.49,  460546.066321,  288.215531223,  6,  367.897156539,  15,  213.831989554,  17,  62.9092365257
ndup,  558000,  0.01,  1000.0,  0.49,  463661.809072,  290.139181704,  6,  370.38030413,  15,  215.303325932,  17,  63.3227291161
ndup,  561600,  0.01,  1000.0,  0.49,  466777.551822,  292.062832186,  6,  372.86345172,  15,  216.774662309,  17,  63.7362262424
ndup,  565200,  0.01,  1000.0,  0.49,  469893.294573,  293.986482667,  6,  375.346599311,  15,  218.245998686,  17,  64.1497278169
ndup,  568800,  0.01,  1000.0,  0.49,  473009.037323,  295.910133148,  6,  377.829746902,  15,  219.717335063,  17,  64.563233754
ndup,  572400,  0.01,  1000.0,  0.49,  476124.780074,  297.833783629,  6,  380.312894492,  15,  221.18867144,  17,  64.9767439705
ndup,  576000,  0.01,  1000.0,  0.49,  479240.522824,  299.75743411,  6,  382.796042083,  15,  222.660007818,  17,  65.3902583853
ndup,  579600,  0.01,  1000.0,  0.49,  482356.265575,  301.681084591,  6,  385.279189674,  15,  224.131344195,  17,  65.8037769191
ndup,  583200,  0.01,  1000.0,  0.49,  485472.008325,  303.604735072,  6,  387.762337264,  15,  225.602680572,  17,  66.2172994949
ndup,  586800,  0.01,  1000.0,  0.49,  488587.751076,  305.528385554,  6,  390.245484855,  15,  227.074016949,  17,  66.6308260372
ndup,  590400,  0.01,  1000.0,  0.49,  491703.493827,  307.452036035,  6,  392.728632446,  15,  228.545353326,  17,  67.0443564729
ndup,  594000,  0.01,  1000.0,  0.49,  494819.236577,  309.375686516,  6,  395.211780036,  15,  230.016689704,  17,  67.4578907302
ndup,  597600,  0.01,  1000.0,  0.49,  497934.979328,  311.299336997,  6,  397.694927627,  15,  231.488026081,  17,  67.8714287393
ndup,  601200,  0.01,  1000.0,  0.49,  501050.722078,  313.222987478,  6,  400.178075217,  15,  232.959362458,  17,  68.284970432
ndup,  604800,  0.01,  1000.0,  0.49,  504166.464829,  315.146637959,  6,  402.661222808,  15,  234.430698835,  17,  68.6985157418
ndup,  608400,  0.01,  1000.0,  0.49,  507282.207579,  317.07028844,  6,  405.144370399,  15,  235.902035212,  17,  69.1120646038
ndup,  612000,  0.01,  1000.0,  0.49,  510397.95033,  318.993938922,  6,  407.627517989,  15,  237.37337159,  17,  69.5256169546
