ndup,  0,  0.01,  1000.0,  0.0,  0.0,  0.0,  0,  0.0,  0,  0.0,  0,  0.0
ndup,  3600,  0.01,  1000.0,  0.0,  0.0,  0.0,  0,  0.0,  0,  0.0,  0,  0.0
ndup,  7200,  0.01,  1000.0,  0.0,  0.0,  0.0,  0,  0.0,  0,  0.0,  0,  0.0
ndup,  10800,  0.01,  1000.0,  0.0,  0.0,  0.0,  0,  0.0,  0,  0.0,  0,  0.0
ndup,  14400,  0.01,  1000.0,  0.0,  0.178564064362,  0.275561075765,  1,  0.0,  0,  0.0,  0,  0.12990073687
ndup,  18000,  0.01,  1000.0,  0.035,  2.83977688373,  2.00353662913,  4,  0.262388793427,  2,  0.0,  0,  0.889107085723
ndup,  21600,  0.01,  1000.0,  0.0,  4.83650869032,  4.10234321279,  7,  2.16494875299,  9,  0.0,  0,  1.67563322132
ndup,  25200,  0.01,  1000.0,  0.0,  9.3144072506,  6.87758988181,  12,  4.47095456671,  8,  0.0,  0,  2.84961149125
ndup,  28800,  0.01,  1000.0,  0.0,  14.0403158145,  9.98696739083,  14,  6.83007315508,  10,  0.0,  0,  4.16807173889
ndup,  32400,  0.01,  1000.0,  0.257,  554.718671078,  13.1913751767,  15,  9.34568290757,  11,  0.0159611626203,  1,  5.53197364126
ndup,  36000,  0.01,  1000.0,  0.443,  7606.84136201,  16.2524608767,  15,  11.7394039657,  12,  0.246185649694,  1,  6.73846831081
ndup,  39600,  0.01,  1000.0,  0.498,  18679.6159624,  19.297055567,  16,  14.4296948685,  15,  0.405433851646,  1,  8.00877621581
ndup,  43200,  0.01,  1000.0,  0.497,  21710.5592397,  22.3474930535,  16,  17.2713936339,  16,  0.514219534769,  1,  9.32893647415
ndup,  46800,  0.01,  1000.0,  0.483,  20898.3098072,  25.8328967662,  16,  19.7993551594,  16,  0.623005217892,  1,  10.7479954373
ndup,  50400,  0.01,  1000.0,  0.412,  9504.52461252,  28.9729375344,  17,  22.6794808471,  17,  0.731790901016,  1,  12.1054214402
ndup,  54000,  0.01,  1000.0,  0.457,  18955.3555293,  32.1888622522,  17,  25.5129719414,  17,  0.840576584139,  1,  13.4825385775
ndup,  57600,  0.01,  1000.0,  0.424,  13708.9506677,  35.4670069609,  17,  28.2916602942,  17,  0.949362267262,  1,  14.8718774739
ndup,  61200,  0.01,  1000.0,  0.44,  18449.829796,  38.6848249956,  17,  31.1240616465,  17,  1.05814795038,  1,  16.2511234971
ndup,  64800,  0.01,  1000.0,  0.492,  39154.4625286,  41.6396007886,  17,  33.9564629988,  17,  1.3650403323,  1,  17.4587502979
ndup,  68400,  0.01,  1000.0,  0.473,  33124.3981513,  44.8360697523,  17,  36.7888643511,  17,  1.49229422299,  1,  18.8245945942
ndup,  72000,  0.01,  1000.0,  0.486,  42063.4222747,  48.032538716,  17,  39.6212657033,  17,  1.61954811368,  1,  20.1908828438
ndup,  75600,  0.01,  1000.0,  0.464,  33885.9910122,  51.2761046064,  16,  42.4125027509,  18,  1.74680200436,  1,  21.5649264401
ndup,  79200,  0.01,  1000.0,  0.471,  39479.4493671,  54.7416602321,  16,  45.010818562,  18,  1.87405589505,  1,  22.97451042
ndup,  82800,  0.01,  1000.0,  0.452,  32797.8485093,  57.9924698018,  16,  47.80088573,  18,  2.00130978574,  1,  24.3504039266
ndup,  86400,  0.01,  1000.0,  0.489,  55820.0314358,  61.1984328377,  16,  50.6307618785,  18,  2.12856367643,  1,  25.7194011133
ndup,  90000,  0.01,  1000.0,  0.401,  18967.8051592,  64.4250596613,  15,  53.4425968196,  19,  2.25581756712,  1,  27.0918510152
ndup,  93600,  0.01,  1000.0,  0.436,  31286.1321645,  67.631510005,  15,  56.2722571322,  19,  2.38307145781,  1,  28.4613494084
ndup,  97200,  0.01,  1000.0,  0.486,  62442.7685232,  68.2964161211,  15,  59.0890950243,  19,  4.44325091397,  2,  28.1822831409
ndup,  100800,  0.01,  1000.0,  0.471,  53883.8393258,  71.3768928199,  15,  61.9187192592,  19,  4.68382945977,  2,  29.4642049459
ndup,  104400,  0.01,  1000.0,  0.491,  72829.7127857,  72.1463099307,  15,  64.7483434941,  19,  6.66664845942,  3,  29.2798741495
ndup,  108000,  0.01,  1000.0,  0.479,  65072.1009245,  75.1284715454,  15,  67.5779677291,  19,  6.99395934877,  3,  30.4954348707
ndup,  111600,  0.01,  1000.0,  0.468,  58795.0303357,  78.1106331601,  15,  70.407591964,  19,  7.32127023812,  3,  31.7111174607
ndup,  115200,  0.01,  1000.0,  0.458,  53728.3243625,  81.0927947749,  15,  73.2372161989,  19,  7.64858112747,  3,  32.9269084212
ndup,  118800,  0.01,  1000.0,  0.448,  49027.2138661,  84.0749563896,  15,  76.0668404338,  19,  7.97589201681,  3,  34.1427961751
ndup,  122400,  0.01,  1000.0,  0.493,  90763.3295672,  86.9203525585,  15,  79.0171652745,  19,  8.30320290616,  3,  35.345251233
ndup,  126000,  0.01,  1000.0,  0.494,  95189.520059,  90.039279619,  15,  77.3388273836,  18,  12.3730915262,  4,  34.0161482818
ndup,  129600,  0.01,  1000.0,  0.488,  91112.8690934,  93.0214412338,  15,  80.0025968322,  18,  12.8500351427,  4,  35.1289864572
ndup,  133200,  0.01,  1000.0,  0.483,  88246.1585344,  96.0036028485,  15,  82.6663662808,  18,  13.3269787593,  4,  36.2418676118
ndup,  136800,  0.01,  1000.0,  0.478,  85382.0666308,  98.9857644632,  15,  85.3301357294,  18,  13.8039223758,  4,  37.3547879041
ndup,  140400,  0.01,  1000.0,  0.499,  115410.916591,  101.967926078,  15,  85.0621802521,  17,  16.7775146974,  5,  36.8269315448
ndup,  144000,  0.01,  1000.0,  0.494,  111456.833696,  104.950087693,  15,  87.62992092,  17,  17.3402863006,  5,  37.8830044155
ndup,  147600,  0.01,  1000.0,  0.499,  122357.041751,  107.012093038,  14,  90.197661588,  17,  18.593323532,  6,  38.3373695476
ndup,  151200,  0.01,  1000.0,  0.498,  124220.114682,  104.842880846,  12,  92.7654022559,  17,  23.0272558866,  8,  36.0602443998
ndup,  154800,  0.01,  1000.0,  0.497,  126017.44194,  103.988896842,  12,  95.3331429239,  17,  26.4811602034,  8,  34.6778296759
ndup,  158400,  0.01,  1000.0,  0.498,  131095.551785,  105.800816813,  12,  97.9008835918,  17,  27.9370059664,  8,  34.9922628859
ndup,  162000,  0.01,  1000.0,  0.495,  129416.905541,  108.487522026,  12,  100.46862426,  17,  28.7372902801,  8,  35.85431395
ndup,  165600,  0.01,  1000.0,  0.492,  127676.157952,  111.174227239,  12,  103.036364928,  17,  29.5375745937,  8,  36.7163905855
ndup,  169200,  0.01,  1000.0,  0.489,  125880.470211,  113.860932452,  12,  105.604105596,  17,  30.3378589074,  8,  37.5784910326
ndup,  172800,  0.01,  1000.0,  0.487,  125650.545285,  116.547637665,  12,  108.171846264,  17,  31.138143221,  8,  38.4406136891
ndup,  176400,  0.01,  1000.0,  0.484,  123740.130063,  119.234342878,  12,  110.739586932,  17,  31.9384275347,  8,  39.3027570936
ndup,  180000,  0.01,  1000.0,  0.482,  123377.972369,  121.92104809,  12,  113.3073276,  17,  32.7387118483,  8,  40.16491991
ndup,  183600,  0.01,  1000.0,  0.499,  157190.228658,  124.607753303,  12,  115.338701393,  17,  33.9957255156,  8,  40.7064486123
ndup,  187200,  0.01,  1000.0,  0.499,  160674.885034,  127.294458516,  12,  114.798150951,  16,  37.4430912023,  9,  39.7397522494
ndup,  190800,  0.01,  1000.0,  0.497,  159968.692988,  129.981163729,  12,  117.284406011,  16,  38.3151787216,  9,  40.551749274
ndup,  194400,  0.01,  1000.0,  0.494,  157148.008202,  132.667868942,  12,  119.770661072,  16,  39.1872662409,  9,  41.3637583918
ndup,  198000,  0.01,  1000.0,  0.499,  171133.255321,  130.626685273,  11,  122.201215997,  16,  43.6544267503,  10,  39.1645536819
ndup,  201600,  0.01,  1000.0,  0.498,  172376.35806,  132.262173438,  10,  124.686771785,  16,  45.320032875,  11,  39.3211870528
ndup,  205200,  0.01,  1000.0,  0.498,  175821.98056,  127.233683301,  9,  127.172327573,  16,  51.9897959074,  12,  35.4558558433
ndup,  208800,  0.01,  1000.0,  0.496,  174683.99122,  129.652705396,  9,  129.657883361,  16,  53.0736443927,  12,  36.100936075
ndup,  212400,  0.01,  1000.0,  0.494,  173489.104222,  132.071727492,  9,  132.143439149,  16,  54.157492878,  12,  36.7460366931
ndup,  216000,  0.01,  1000.0,  0.493,  174487.291838,  134.490749588,  9,  134.628994937,  16,  55.2413413633,  12,  37.3911566427
ndup,  219600,  0.01,  1000.0,  0.491,  173172.515931,  136.909771684,  9,  137.114550725,  16,  56.3251898486,  12,  38.0362949399
ndup,  223200,  0.01,  1000.0,  0.499,  195580.479,  137.811381793,  9,  139.600106513,  16,  58.5476409996,  12,  37.7939476438
ndup,  226800,  0.01,  1000.0,  0.499,  199074.308116,  133.828195623,  9,  142.085662301,  16,  64.4347621666,  12,  34.8222417021
ndup,  230400,  0.01,  1000.0,  0.499,  202570.247459,  135.161810025,  9,  144.571218089,  16,  66.3369078343,  12,  34.874395929
ndup,  234000,  0.01,  1000.0,  0.499,  206068.036354,  130.838877104,  9,  147.056773877,  16,  72.4845469212,  12,  32.0230213371
ndup,  237600,  0.01,  1000.0,  0.498,  206863.541434,  132.999983596,  9,  149.542329665,  16,  73.7694989965,  12,  32.5293395548
ndup,  241200,  0.01,  1000.0,  0.497,  207604.220139,  135.161090087,  9,  152.027885453,  16,  75.0544510718,  12,  33.0356817868
ndup,  244800,  0.01,  1000.0,  0.496,  208291.35522,  137.322196579,  9,  154.513441241,  16,  76.3394031471,  12,  33.5420469455
ndup,  248400,  0.01,  1000.0,  0.495,  208926.205441,  139.48330307,  9,  156.998997029,  16,  77.6243552225,  12,  34.0484340081
ndup,  252000,  0.01,  1000.0,  0.494,  209510.005987,  141.644409562,  9,  159.484552817,  16,  78.9093072978,  12,  34.5548420114
ndup,  255600,  0.01,  1000.0,  0.493,  210043.968864,  143.805516053,  9,  161.970108605,  16,  80.1942593731,  12,  35.0612700483
ndup,  259200,  0.01,  1000.0,  0.492,  210529.283286,  145.966622545,  9,  164.455664393,  16,  81.4792114484,  12,  35.5677172629
ndup,  262800,  0.01,  1000.0,  0.499,  234055.012898,  147.663455185,  9,  166.893073657,  15,  83.1534209415,  13,  35.813796506
ndup,  266400,  0.01,  1000.0,  0.499,  237553.597109,  148.994399108,  9,  169.305853988,  14,  85.1233250682,  14,  35.8682271557
ndup,  270000,  0.01,  1000.0,  0.498,  237942.885106,  151.135945722,  9,  171.789906237,  14,  86.42488514,  14,  36.3643510927
ndup,  273600,  0.01,  1000.0,  0.499,  244552.833455,  145.707745437,  9,  174.273958486,  14,  93.4065986113,  15,  33.4846040583
ndup,  277200,  0.01,  1000.0,  0.498,  244851.488928,  147.740165124,  9,  176.758010736,  14,  94.7928827475,  15,  33.934139285
ndup,  280800,  0.01,  1000.0,  0.497,  245101.656838,  149.772584811,  9,  179.242062985,  14,  96.1791668838,  15,  34.3836997843
ndup,  284400,  0.01,  1000.0,  0.496,  245304.540059,  151.805004498,  9,  181.726115234,  14,  97.5654510201,  15,  34.8332845776
ndup,  288000,  0.01,  1000.0,  0.496,  248671.481698,  153.837424185,  9,  184.210167484,  14,  98.9517351564,  15,  35.2828927362
ndup,  291600,  0.01,  1000.0,  0.499,  262057.201697,  152.514400156,  8,  186.694219733,  14,  102.855186195,  16,  34.4210548327
ndup,  295200,  0.01,  1000.0,  0.498,  262129.608742,  154.501699443,  8,  189.178271982,  14,  104.276500949,  16,  34.8542137918
ndup,  298800,  0.01,  1000.0,  0.498,  265586.028748,  156.48899873,  8,  191.662324231,  14,  105.697815703,  16,  35.2873975405
ndup,  302400,  0.01,  1000.0,  0.497,  265568.196493,  158.476298017,  8,  194.146376481,  14,  107.119130457,  16,  35.7206051768
ndup,  306000,  0.01,  1000.0,  0.496,  265506.517917,  160.463597304,  8,  196.63042873,  14,  108.540445211,  16,  36.1538358421
ndup,  309600,  0.01,  1000.0,  0.495,  265402.129123,  162.450896591,  8,  199.114480979,  14,  109.961759966,  16,  36.5870887184
ndup,  313200,  0.01,  1000.0,  0.495,  268726.322708,  164.438195877,  8,  201.598533229,  14,  111.38307472,  16,  37.0203630258
ndup,  316800,  0.01,  1000.0,  0.494,  268537.396387,  166.425495164,  8,  204.082585478,  14,  112.804389474,  16,  37.4536580205
ndup,  320400,  0.01,  1000.0,  0.493,  268308.521162,  168.412794451,  8,  206.566637727,  14,  114.225704228,  16,  37.8869729928
ndup,  324000,  0.01,  1000.0,  0.499,  293572.138643,  169.094648126,  8,  209.138213769,  15,  116.551752283,  15,  37.912905899
ndup,  327600,  0.01,  1000.0,  0.499,  297074.013953,  171.06646556,  8,  211.623222011,  15,  117.984182654,  15,  38.3418091267
ndup,  331200,  0.01,  1000.0,  0.499,  300576.231245,  170.902901542,  7,  214.271571529,  16,  120.879734503,  15,  38.159306423
ndup,  334800,  0.01,  1000.0,  0.498,  300150.618761,  172.849981298,  7,  216.758107304,  16,  122.32992596,  15,  38.5816320037
ndup,  338400,  0.01,  1000.0,  0.498,  303607.593463,  174.797061054,  7,  219.244643078,  16,  123.780117416,  15,  39.003976643
ndup,  342000,  0.01,  1000.0,  0.497,  303098.140802,  176.744140809,  7,  221.731178853,  16,  125.230308873,  15,  39.4263397285
ndup,  345600,  0.01,  1000.0,  0.497,  306510.446893,  178.691220565,  7,  224.217714627,  16,  126.68050033,  15,  39.8487206735
ndup,  349200,  0.01,  1000.0,  0.496,  305919.392396,  180.638300321,  7,  226.704250402,  16,  128.130691787,  15,  40.2711189162
ndup,  352800,  0.01,  1000.0,  0.496,  309287.607214,  182.585380077,  7,  229.190786176,  16,  129.580883243,  15,  40.6935339179
ndup,  356400,  0.01,  1000.0,  0.495,  308617.145353,  184.532459833,  7,  231.677321951,  16,  131.0310747,  15,  41.1159651621
ndup,  360000,  0.01,  1000.0,  0.495,  311941.838775,  186.479539589,  7,  234.163857725,  16,  132.481266157,  15,  41.5384121532
ndup,  363600,  0.01,  1000.0,  0.494,  311194.120916,  188.426619345,  7,  236.6503935,  16,  133.931457613,  15,  41.9608744156
ndup,  367200,  0.01,  1000.0,  0.494,  314475.855449,  190.373699101,  7,  239.136929274,  16,  135.38164907,  15,  42.3833514926
ndup,  370800,  0.01,  1000.0,  0.493,  313652.990599,  192.320778857,  7,  241.623465048,  16,  136.831840527,  15,  42.8058429457
ndup,  374400,  0.01,  1000.0,  0.493,  316892.321478,  194.267858613,  7,  244.110000823,  16,  138.282031983,  15,  43.2283483533
ndup,  378000,  0.01,  1000.0,  0.493,  320131.652356,  196.214938369,  7,  246.596536597,  16,  139.73222344,  15,  43.6508673102
ndup,  381600,  0.01,  1000.0,  0.492,  319193.852302,  198.162018125,  7,  249.083072372,  16,  141.182414897,  15,  44.0733994267
ndup,  385200,  0.01,  1000.0,  0.492,  322391.327584,  200.109097881,  7,  251.569608146,  16,  142.632606353,  15,  44.495944328
ndup,  388800,  0.01,  1000.0,  0.491,  321383.015378,  202.056177637,  7,  254.056143921,  16,  144.08279781,  15,  44.9185016531
ndup,  392400,  0.01,  1000.0,  0.491,  324539.176034,  204.003257393,  7,  256.542679695,  16,  145.532989267,  15,  45.3410710549
ndup,  396000,  0.01,  1000.0,  0.49,  323462.330981,  205.950337149,  7,  259.02921547,  16,  146.983180724,  15,  45.7636521987
ndup,  399600,  0.01,  1000.0,  0.49,  326577.710988,  207.897416905,  7,  261.515751244,  16,  148.43337218,  15,  46.1862447623
ndup,  403200,  0.01,  1000.0,  0.49,  329693.090995,  209.844496661,  7,  264.002287019,  16,  149.883563637,  15,  46.6088484349
ndup,  406800,  0.01,  1000.0,  0.489,  328509.399428,  211.791576417,  7,  266.488822793,  16,  151.333755094,  15,  47.0314629173
ndup,  410400,  0.01,  1000.0,  0.489,  331584.525861,  213.738656173,  7,  268.975358568,  16,  152.78394655,  15,  47.4540879204
ndup,  414000,  0.01,  1000.0,  0.489,  334659.652294,  215.685735929,  7,  271.461894342,  16,  154.234138007,  15,  47.8767231659
ndup,  417600,  0.01,  1000.0,  0.499,  384629.729564,  215.625118643,  7,  273.616429476,  15,  157.472935197,  16,  47.4153981493
ndup,  421200,  0.01,  1000.0,  0.499,  388132.339532,  217.553502519,  7,  276.100261578,  15,  158.939999686,  16,  47.830479215
ndup,  424800,  0.01,  1000.0,  0.499,  391635.037068,  218.964113902,  6,  278.503843276,  15,  160.863879975,  17,  48.0275123952
ndup,  428400,  0.01,  1000.0,  0.498,  390032.445462,  220.887764383,  6,  280.986990867,  15,  162.335216352,  17,  48.4407559124
ndup,  432000,  0.01,  1000.0,  0.498,  393489.884641,  222.811414864,  6,  283.470138457,  15,  163.806552729,  17,  48.8540095623
ndup,  435600,  0.01,  1000.0,  0.497,  391818.641273,  224.735065346,  6,  285.953286048,  15,  165.277889106,  17,  49.2672730897
ndup,  439200,  0.01,  1000.0,  0.497,  395231.398192,  226.658715827,  6,  288.436433639,  15,  166.749225484,  17,  49.6805462483
ndup,  442800,  0.01,  1000.0,  0.496,  393493.545744,  228.582366308,  6,  290.919581229,  15,  168.220561861,  17,  50.0938287995
ndup,  446400,  0.01,  1000.0,  0.496,  396862.198019,  230.506016789,  6,  293.40272882,  15,  169.691898238,  17,  50.507120513
ndup,  450000,  0.01,  1000.0,  0.495,  395059.737821,  232.42966727,  6,  295.88587641,  15,  171.163234615,  17,  50.9204211655
ndup,  453600,  0.01,  1000.0,  0.495,  398384.855597,  234.353317751,  6,  298.369024001,  15,  172.634570993,  17,  51.3337305412
ndup,  457200,  0.01,  1000.0,  0.494,  396519.748356,  236.276968232,  6,  300.852171592,  15,  174.10590737,  17,  51.7470484311
ndup,  460800,  0.01,  1000.0,  0.494,  399801.894408,  238.200618714,  6,  303.335319182,  15,  175.577243747,  17,  52.1603746326
ndup,  464400,  0.01,  1000.0,  0.493,  397876.060923,  240.124269195,  6,  305.818466773,  15,  177.048580124,  17,  52.5737089499
ndup,  468000,  0.01,  1000.0,  0.493,  401115.790746,  242.047919676,  6,  308.301614364,  15,  178.519916501,  17,  52.987051193
ndup,  471600,  0.01,  1000.0,  0.492,  399131.112615,  243.971570157,  6,  310.784761954,  15,  179.991252879,  17,  53.4004011778
ndup,  475200,  0.01,  1000.0,  0.492,  402328.974524,  245.895220638,  6,  313.267909545,  15,  181.462589256,  17,  53.813758726
ndup,  478800,  0.01,  1000.0,  0.492,  405526.836432,  247.818871119,  6,  315.751057136,  15,  182.933925633,  17,  54.2271236645
ndup,  482400,  0.01,  1000.0,  0.491,  403443.830051,  249.7425216,  6,  318.234204726,  15,  184.40526201,  17,  54.6404958257
ndup,  486000,  0.01,  1000.0,  0.491,  406600.365268,  251.666172082,  6,  320.717352317,  15,  185.876598387,  17,  55.0538750468
ndup,  489600,  0.01,  1000.0,  0.49,  404462.696811,  253.589822563,  6,  323.200499908,  15,  187.347934765,  17,  55.4672611701
ndup,  493200,  0.01,  1000.0,  0.49,  407578.439562,  255.513473044,  6,  325.683647498,  15,  188.819271142,  17,  55.8806540423
ndup,  496800,  0.01,  1000.0,  0.49,  410694.182312,  257.437123525,  6,  328.166795089,  15,  190.290607519,  17,  56.2940535147
ndup,  500400,  0.01,  1000.0,  0.489,  408463.347825,  259.360774006,  6,  330.649942679,  15,  191.761943896,  17,  56.7074594431
ndup,  504000,  0.01,  1000.0,  0.489,  411538.825426,  261.284424487,  6,  333.13309027,  15,  193.233280273,  17,  57.1208716872
ndup,  507600,  0.01,  1000.0,  0.488,  409257.335339,  263.208074968,  6,  335.616237861,  15,  194.704616651,  17,  57.5342901108
ndup,  511200,  0.01,  1000.0,  0.488,  412293.06829,  265.13172545,  6,  338.099385451,  15,  196.175953028,  17,  57.9477145818
ndup,  514800,  0.01,  1000.0,  0.499,  479202.860833,  233.360155334,  5,  340.582533042,  15,  222.921343676,  18,  53.1766057095
ndup,  518400,  0.01,  1000.0,  0.499,  482707.77455,  235.04148967,  5,  343.065680633,  15,  224.57760225,  18,  53.5600841132
ndup,  522000,  0.01,  1000.0,  0.487,  415955.609034,  270.902676893,  6,  345.548828223,  15,  200.589962159,  17,  59.1880230116
ndup,  525600,  0.01,  1000.0,  0.487,  418952.111103,  272.826327374,  6,  348.031975814,  15,  202.061298537,  17,  59.6014704222
ndup,  529200,  0.01,  1000.0,  0.486,  416496.874139,  274.749977855,  6,  350.515123405,  15,  203.532634914,  17,  60.0149232725
ndup,  532800,  0.01,  1000.0,  0.498,  490298.850963,  241.766827014,  5,  352.998270995,  15,  231.202636543,  18,  55.0940739121
ndup,  536400,  0.01,  1000.0,  0.498,  493758.396034,  243.44816135,  5,  355.481418586,  15,  232.858895116,  18,  55.4775896179
ndup,  540000,  0.01,  1000.0,  0.485,  419874.258532,  280.520929299,  6,  357.964566177,  15,  207.946644045,  17,  61.2553133599
ndup,  543600,  0.01,  1000.0,  0.485,  422793.813656,  282.44457978,  6,  360.447713767,  15,  209.417980423,  17,  61.6687868821
ndup,  547200,  0.01,  1000.0,  0.485,  425713.36878,  284.368230261,  6,  362.930861358,  15,  210.8893168,  17,  62.0822653151
ndup,  550800,  0.01,  1000.0,  0.497,  501027.31267,  250.173498694,  5,  365.414008948,  15,  239.483929409,  18,  57.0117210443
ndup,  554400,  0.01,  1000.0,  0.497,  504442.076526,  251.85483303,  5,  367.897156539,  15,  241.140187983,  18,  57.395270364
ndup,  558000,  0.01,  1000.0,  0.484,  428858.467628,  290.139181704,  6,  370.38030413,  15,  215.303325932,  17,  63.3227291161
ndup,  561600,  0.01,  1000.0,  0.483,  426162.035526,  292.062832186,  6,  372.86345172,  15,  216.774662309,  17,  63.7362262424
ndup,  565200,  0.01,  1000.0,  0.483,  429006.620171,  293.986482667,  6,  375.346599311,  15,  218.245998686,  17,  64.1497278169
ndup,  568800,  0.01,  1000.0,  0.483,  431851.204816,  295.910133148,  6,  377.829746902,  15,  219.717335063,  17,  64.563233754
ndup,  572400,  0.01,  1000.0,  0.496,  514766.466167,  260.26150471,  5,  380.312894492,  15,  249.421480849,  18,  59.3131093543
ndup,  576000,  0.01,  1000.0,  0.496,  518137.519425,  238.042646424,  4,  382.796042083,  15,  269.036345925,  19,  62.2320241189
ndup,  579600,  0.01,  1000.0,  0.482,  434694.993967,  301.681084591,  6,  385.279189674,  15,  224.131344195,  17,  65.8037769191
ndup,  583200,  0.01,  1000.0,  0.481,  431850.106198,  303.604735072,  6,  387.762337264,  15,  225.602680572,  17,  66.2172994949
ndup,  586800,  0.01,  1000.0,  0.481,  434621.646047,  305.528385554,  6,  390.245484855,  15,  227.074016949,  17,  66.6308260372
ndup,  590400,  0.01,  1000.0,  0.481,  437393.185897,  307.452036035,  6,  392.728632446,  15,  228.545353326,  17,  67.0443564729
ndup,  594000,  0.01,  1000.0,  0.495,  528066.011856,  270.349510726,  5,  395.211780036,  15,  259.359032289,  18,  61.6147042191
ndup,  597600,  0.01,  1000.0,  0.48,  437213.345588,  311.299336997,  6,  397.694927627,  15,  231.488026081,  17,  67.8714287393
ndup,  601200,  0.01,  1000.0,  0.48,  439949.069659,  313.222987478,  6,  400.178075217,  15,  232.959362458,  17,  68.284970432
ndup,  604800,  0.01,  1000.0,  0.48,  442684.793731,  315.146637959,  6,  402.661222808,  15,  234.430698835,  17,  68.6985157418
ndup,  608400,  0.01,  1000.0,  0.494,  534369.889901,  317.07028844,  6,  404.903856358,  14,  236.107142176,  17,  68.92999462
ndup,  612000,  0.01,  1000.0,  0.491,  517079.106922,  318.993938922,  6,  407.385790015,  14,  237.579716405,  17,  69.342545544
