dup, 345600, 0.01, 1000, 0.06, 4888.22542334, 543.605695115, 13, 876.506000228, 14, 831.846421139, 9, 0.0001
dup, 345600, 0.01, 1000, 0.06, 4520.34980384, 502.695290104, 13, 810.542350866, 14, 769.243740002, 9, 0.0002
dup, 345600, 0.01, 1000, 0.06, 4305.1563615, 478.764237284, 12, 771.956089578, 14, 732.623519092, 10, 0.0003
dup, 345600, 0.01, 1000, 0.06, 4152.47418434, 461.784885093, 13, 744.578701504, 14, 706.641058864, 9, 0.0004
dup, 345600, 0.01, 1000, 0.06, 4034.044687, 448.614676347, 12, 723.343149533, 14, 686.487496991, 10, 0.0005
dup, 345600, 0.01, 1000, 0.06, 3937.28074201, 437.853832273, 12, 705.992440216, 14, 670.020837955, 10, 0.0006
dup, 345600, 0.01, 1000, 0.06, 3855.46799224, 428.755668245, 13, 691.322624515, 14, 656.098476114, 9, 0.0007
dup, 345600, 0.01, 1000, 0.06, 3784.59856484, 420.874480083, 12, 678.615052142, 14, 644.038377727, 10, 0.0008
dup, 345600, 0.01, 1000, 0.06, 3722.08729967, 413.922779452, 13, 667.406178929, 14, 633.400617045, 9, 0.0009
dup, 345600, 0.01, 1000, 0.06, 3666.1690675, 407.704271336, 13, 657.379500171, 14, 623.884815854, 9, 0.001
dup, 345600, 0.01, 1000, 0.06, 3298.29344801, 366.793866326, 13, 591.415850809, 14, 561.282134717, 9, 0.002
dup, 345600, 0.01, 1000, 0.06, 3083.10000567, 342.862813505, 13, 552.829589521, 14, 524.661913807, 9, 0.003
dup, 345600, 0.01, 1000, 0.06, 2930.41782851, 325.883461315, 13, 525.452201447, 14, 498.67945358, 9, 0.004
dup, 345600, 0.01, 1000, 0.06, 2811.98833117, 312.713252568, 13, 504.216649476, 14, 478.525891706, 9, 0.005
dup, 345600, 0.01, 1000, 0.06, 2715.22438617, 301.952408494, 13, 486.865940159, 14, 462.05923267, 9, 0.006
dup, 345600, 0.01, 1000, 0.06, 2633.4116364, 292.854244466, 13, 472.196124458, 14, 448.13687083, 9, 0.007
dup, 345600, 0.01, 1000, 0.06, 2562.54220901, 284.973056304, 12, 459.488552085, 14, 436.076772443, 10, 0.008
dup, 345600, 0.01, 1000, 0.06, 2500.03094384, 278.021355673, 13, 448.279678872, 14, 425.43901176, 9, 0.009
dup, 345600, 0.01, 1000, 0.06, 2444.11271167, 271.802847558, 13, 438.253000114, 14, 415.923210569, 9, 0.01
dup, 345600, 0.01, 1000, 0.06, 2076.23709217, 230.892442547, 13, 372.289350752, 14, 353.320529432, 9, 0.02
dup, 345600, 0.01, 1000, 0.06, 1861.04364984, 206.961389726, 12, 333.703089464, 14, 316.700308522, 10, 0.03
dup, 345600, 0.01, 1000, 0.06, 1708.36147267, 189.982037536, 12, 306.32570139, 14, 290.717848295, 10, 0.04
dup, 345600, 0.01, 1000, 0.06, 1589.93197533, 176.81182879, 13, 285.090149419, 14, 270.564286422, 9, 0.05
dup, 345600, 0.01, 1000, 0.06, 1493.16803034, 166.050984715, 13, 267.739440102, 14, 254.097627385, 9, 0.06
dup, 345600, 0.01, 1000, 0.06, 1411.35528057, 156.952820687, 12, 253.069624401, 14, 240.175265545, 10, 0.07
dup, 345600, 0.01, 1000, 0.06, 1340.48585318, 149.071632525, 13, 240.362052028, 14, 228.115167158, 9, 0.08
dup, 345600, 0.01, 1000, 0.06, 1277.974588, 142.119931895, 13, 229.153178815, 14, 217.477406475, 9, 0.09
dup, 345600, 0.01, 1000, 0.06, 1222.05635583, 135.901423779, 12, 219.126500057, 14, 207.961605285, 10, 0.1
dup, 345600, 0.01, 1000, 0.06, 1171.47216185, 130.276098932, 12, 210.05626583, 14, 199.353516032, 10, 0.11
dup, 345600, 0.01, 1000, 0.06, 1125.29241084, 125.140579704, 13, 201.77579074, 14, 191.494946248, 9, 0.12
dup, 345600, 0.01, 1000, 0.06, 1082.81115794, 120.41635997, 13, 194.158492061, 14, 184.265762827, 9, 0.13
dup, 345600, 0.01, 1000, 0.06, 1043.47966107, 116.042415676, 12, 187.105975039, 14, 177.572584408, 10, 0.14
dup, 345600, 0.01, 1000, 0.06, 1006.8629135, 111.970370958, 13, 180.540238769, 14, 171.341384375, 9, 0.15
dup, 345600, 0.01, 1000, 0.06, 972.610233677, 108.161227514, 13, 174.398402666, 14, 165.512486021, 9, 0.16
dup, 345600, 0.01, 1000, 0.06, 940.434786769, 104.583087255, 13, 168.629034473, 14, 160.037077659, 9, 0.17
dup, 345600, 0.01, 1000, 0.06, 910.098968503, 101.209526884, 12, 163.189529453, 14, 154.874725338, 10, 0.18
dup, 345600, 0.01, 1000, 0.06, 881.403746078, 98.0184125258, 13, 158.044199102, 14, 149.991558952, 9, 0.19
dup, 345600, 0.01, 1000, 0.06, 854.180736337, 94.9910187679, 12, 153.162850695, 14, 145.358924148, 10, 0.2
dup, 345600, 0.01, 1000, 0.06, 828.286218732, 92.1113628555, 12, 148.519713751, 14, 140.952363498, 10, 0.21
dup, 345600, 0.01, 1000, 0.06, 803.596542354, 89.3656939209, 12, 144.092616468, 14, 136.750834895, 10, 0.22
dup, 345600, 0.01, 1000, 0.06, 780.004554747, 86.7420958436, 12, 139.862345377, 14, 132.73610383, 10, 0.23
dup, 345600, 0.01, 1000, 0.06, 757.416791341, 84.2301746935, 12, 135.812141378, 14, 128.892265111, 10, 0.24
dup, 345600, 0.01, 1000, 0.06, 735.751238996, 81.8208100217, 12, 131.927298724, 14, 125.205362274, 10, 0.25
dup, 345600, 0.01, 1000, 0.06, 714.935538445, 79.5059549593, 13, 128.194842699, 14, 121.66308169, 9, 0.26
dup, 345600, 0.01, 1000, 0.06, 694.905526167, 77.278474063, 13, 124.603268165, 14, 118.254504429, 9, 0.27
dup, 345600, 0.01, 1000, 0.06, 675.60404157, 75.1320106653, 12, 121.142325677, 14, 114.969903271, 10, 0.28
dup, 345600, 0.01, 1000, 0.06, 656.979943577, 73.0608775119, 13, 117.802845144, 14, 111.800575361, 9, 0.29
dup, 345600, 0.01, 1000, 0.06, 638.987294001, 71.0599659473, 13, 114.576589407, 14, 108.738703238, 9, 0.3
dup, 345600, 0.01, 1000, 0.06, 621.584674871, 69.1246699964, 13, 111.456131825, 14, 105.77723866, 9, 0.31
dup, 345600, 0.01, 1000, 0.06, 604.734614179, 67.2508225033, 12, 108.434753304, 14, 102.909804884, 10, 0.32
dup, 345600, 0.01, 1000, 0.06, 588.403100018, 65.4346411002, 13, 105.506355181, 14, 100.130613985, 9, 0.33
dup, 345600, 0.01, 1000, 0.06, 572.559167271, 63.6726822443, 13, 102.665385111, 14, 97.4343965216, 9, 0.34
dup, 345600, 0.01, 1000, 0.06, 557.17454423, 61.961801919, 12, 99.9067737057, 14, 94.8163413975, 10, 0.35
dup, 345600, 0.01, 1000, 0.06, 542.223349005, 60.2991218728, 13, 97.2258800909, 14, 92.2720442012, 9, 0.36
dup, 345600, 0.01, 1000, 0.06, 527.681827542, 58.6820004845, 12, 94.6184449358, 14, 89.7974626222, 10, 0.37
dup, 345600, 0.01, 1000, 0.06, 513.52812658, 57.108007515, 13, 92.0805497399, 14, 87.3888778145, 9, 0.38
dup, 345600, 0.01, 1000, 0.06, 499.742096109, 55.5749021386, 13, 89.6085814117, 14, 85.0428607805, 9, 0.39
dup, 345600, 0.01, 1000, 0.06, 486.305116839, 54.0806137571, 13, 87.1992013329, 14, 82.7562430104, 9, 0.4
dup, 345600, 0.01, 1000, 0.06, 473.199948977, 52.6232251819, 13, 84.8493182426, 14, 80.5260907487, 9, 0.41
dup, 345600, 0.01, 1000, 0.06, 460.410599234, 51.2009578446, 13, 82.5560643891, 14, 78.349682361, 9, 0.42
dup, 345600, 0.01, 1000, 0.06, 447.922203473, 49.8121587466, 13, 80.3167744893, 14, 76.2244883651, 9, 0.43
dup, 345600, 0.01, 1000, 0.06, 435.720922856, 48.45528891, 13, 78.1289671063, 14, 74.1481537579, 9, 0.44
dup, 345600, 0.01, 1000, 0.06, 423.793851665, 47.1289131266, 13, 75.99032812, 14, 72.1184823279, 9, 0.45
dup, 345600, 0.01, 1000, 0.06, 412.128935249, 45.8316908327, 13, 73.8986960152, 14, 70.1334226932, 9, 0.46
dup, 345600, 0.01, 1000, 0.06, 400.714896801, 44.5623679667, 13, 71.8520487517, 14, 68.19105584, 9, 0.47
dup, 345600, 0.01, 1000, 0.06, 389.541171843, 43.3197696826, 13, 69.8484920164, 14, 66.2895839739, 9, 0.48
dup, 345600, 0.01, 1000, 0.06, 378.597849464, 42.1027938164, 13, 67.8862486873, 14, 64.4273205208, 9, 0.49
dup, 345600, 0.01, 1000, 0.06, 367.875619498, 40.9104050109, 13, 65.963649362, 14, 62.6026811371, 9, 0.5
