ndup, 345600, 0.01, 1000, 0.57, 3428286.53246, 0.0, 0, 755.385170665, 13, 1284.45786626, 32, 0.0001
ndup, 345600, 0.01, 1000, 0.57, 3119564.73929, 0.0, 0, 689.659118665, 13, 1166.87907248, 32, 0.0002
ndup, 345600, 0.01, 1000, 0.57, 2939241.21964, 0.0, 0, 651.157677829, 13, 1098.29403201, 32, 0.0003
ndup, 345600, 0.01, 1000, 0.57, 2811542.06025, 0.0, 0, 638.967580489, 13, 1037.18027408, 31, 0.0004
ndup, 345600, 0.01, 1000, 0.57, 2712665.08514, 0.0, 0, 621.320835898, 13, 996.689944276, 31, 0.0005
ndup, 345600, 0.01, 1000, 0.57, 2631981.04979, 0.0, 0, 603.736204869, 13, 966.299722895, 31, 0.0006
ndup, 345600, 0.01, 1000, 0.57, 2563845.28002, 0.0, 0, 588.889901449, 13, 940.632980851, 31, 0.0007
ndup, 345600, 0.01, 1000, 0.57, 2504891.74633, 0.0, 0, 576.047272399, 13, 918.422749258, 31, 0.0008
ndup, 345600, 0.01, 1000, 0.57, 2452951.27908, 0.0, 0, 565.800372975, 13, 897.965970499, 31, 0.0009
ndup, 345600, 0.01, 1000, 0.57, 2406540.50718, 0.0, 0, 555.684224205, 13, 880.486005184, 31, 0.001
ndup, 345600, 0.01, 1000, 0.57, 2102742.88212, 0.0, 0, 489.519583836, 13, 766.01990746, 31, 0.002
ndup, 345600, 0.01, 1000, 0.57, 1926772.11349, 0.0, 0, 481.847180109, 13, 674.2111233, 30, 0.003
ndup, 345600, 0.01, 1000, 0.57, 1803287.24848, 0.0, 0, 456.186213778, 13, 626.658019123, 30, 0.004
ndup, 345600, 0.01, 1000, 0.57, 1708250.68097, 0.0, 0, 434.071298897, 13, 592.028626478, 30, 0.005
ndup, 345600, 0.01, 1000, 0.57, 1631158.46399, 0.0, 0, 416.16975109, 13, 563.906397401, 30, 0.006
ndup, 345600, 0.01, 1000, 0.57, 1566422.02816, 0.0, 0, 401.16695981, 13, 540.266748198, 30, 0.007
ndup, 345600, 0.01, 1000, 0.57, 1510702.85468, 0.0, 0, 388.275007327, 14, 519.902382175, 30, 0.008
ndup, 345600, 0.01, 1000, 0.57, 1461771.43652, 0.0, 0, 376.933806776, 14, 502.035262925, 30, 0.009
ndup, 345600, 0.01, 1000, 0.57, 1418256.89586, 0.0, 0, 366.862826596, 13, 486.133858947, 31, 0.01
ndup, 345600, 0.01, 1000, 0.57, 1140088.19314, 63.0509540094, 3, 302.339489253, 13, 339.206984468, 28, 0.02
ndup, 345600, 0.01, 1000, 0.57, 989237.580693, 105.491940283, 3, 265.715582914, 13, 254.948666254, 27, 0.03
ndup, 345600, 0.01, 1000, 0.57, 879030.187163, 131.503774579, 3, 242.012530926, 15, 194.447118095, 21, 0.04
ndup, 345600, 0.01, 1000, 0.57, 794843.302706, 129.587464959, 3, 224.5260525, 15, 163.400569666, 19, 0.05
ndup, 345600, 0.01, 1000, 0.57, 728169.757348, 122.02936091, 3, 211.831460726, 15, 142.201361403, 18, 0.06
ndup, 345600, 0.01, 1000, 0.57, 674223.86265, 163.584218736, 7, 199.665343413, 16, 92.3032672392, 11, 0.07
ndup, 345600, 0.01, 1000, 0.57, 628594.840193, 171.95624265, 7, 186.28767428, 16, 71.9457405544, 10, 0.08
ndup, 345600, 0.01, 1000, 0.57, 590095.130561, 192.862693009, 10, 181.875933588, 14, 39.0810552567, 8, 0.09
ndup, 345600, 0.01, 1000, 0.57, 556768.116229, 188.238196653, 11, 170.485202569, 15, 33.2922536991, 7, 0.1
ndup, 345600, 0.01, 1000, 0.57, 527362.07459, 176.862427343, 10, 175.576456579, 16, 20.8376980311, 6, 0.11
ndup, 345600, 0.01, 1000, 0.57, 501029.933272, 165.195939553, 10, 168.711892859, 17, 20.2561357453, 5, 0.12
ndup, 345600, 0.01, 1000, 0.57, 477178.737475, 155.006855832, 10, 162.34856375, 17, 19.5781659088, 6, 0.13
ndup, 345600, 0.01, 1000, 0.57, 454995.246056, 148.399342167, 9, 153.933069126, 17, 18.9596674792, 6, 0.14
ndup, 345600, 0.01, 1000, 0.57, 434656.289267, 142.393573209, 9, 146.151362982, 17, 18.4098090655, 6, 0.15
ndup, 345600, 0.01, 1000, 0.57, 415864.919469, 136.786305738, 9, 138.96988742, 16, 17.9371492574, 6, 0.16
ndup, 345600, 0.01, 1000, 0.57, 398447.602805, 131.579649548, 9, 132.320685648, 15, 17.4998831615, 6, 0.17
ndup, 345600, 0.01, 1000, 0.57, 382257.603372, 126.726558949, 9, 126.167096204, 15, 17.0805074518, 6, 0.18
ndup, 345600, 0.01, 1000, 0.57, 367193.458121, 124.9722728, 9, 120.457065255, 14, 14.6891446927, 5, 0.19
ndup, 345600, 0.01, 1000, 0.57, 353123.71764, 121.259974452, 9, 115.117008517, 13, 13.9545863703, 5, 0.2
ndup, 345600, 0.01, 1000, 0.57, 339933.13212, 129.213521436, 11, 110.113752361, 13, 5.03089641699, 2, 0.21
ndup, 345600, 0.01, 1000, 0.57, 327579.521691, 125.151433533, 11, 105.469453273, 12, 4.92687354768, 3, 0.22
ndup, 345600, 0.01, 1000, 0.57, 315988.179149, 124.304632386, 12, 101.143423505, 12, 2.6683284284, 2, 0.23
ndup, 345600, 0.01, 1000, 0.57, 305081.609601, 120.84253317, 12, 97.084031666, 12, 2.45307674802, 2, 0.24
ndup, 345600, 0.01, 1000, 0.57, 294793.150824, 117.558252602, 12, 93.2690909265, 12, 2.25130384303, 2, 0.25
ndup, 345600, 0.01, 1000, 0.57, 285041.686048, 114.358642144, 13, 89.6790784298, 12, 2.10105338052, 1, 0.26
ndup, 345600, 0.01, 1000, 0.57, 275809.238985, 111.30282902, 13, 86.29672404, 12, 1.96409652706, 1, 0.27
ndup, 345600, 0.01, 1000, 0.57, 267059.745469, 108.405742135, 13, 83.0939159974, 12, 1.83295293969, 1, 0.28
ndup, 345600, 0.01, 1000, 0.57, 258701.183807, 105.641576036, 15, 80.031748112, 11, 1.70722773556, 1, 0.29
ndup, 345600, 0.01, 1000, 0.57, 250735.598357, 102.9993437, 15, 77.12150633, 11, 1.58657155236, 1, 0.3
ndup, 345600, 0.01, 1000, 0.57, 243136.228748, 100.451500576, 15, 74.3694499612, 10, 1.47067442672, 1, 0.31
ndup, 345600, 0.01, 1000, 0.57, 235889.56119, 98.0272809097, 15, 71.7415628012, 10, 1.35926066123, 1, 0.32
ndup, 345600, 0.01, 1000, 0.57, 228829.523939, 95.7050797294, 15, 70.2890791624, 9, 0.300512273596, 1, 0.33
ndup, 345600, 0.01, 1000, 0.57, 221808.308065, 92.0614135415, 15, 69.094885702, 9, 0.0, 0, 0.34
ndup, 345600, 0.01, 1000, 0.57, 214992.514547, 88.1098582464, 15, 67.9437380394, 9, 0.0, 0, 0.35
ndup, 345600, 0.01, 1000, 0.57, 208440.264405, 84.316158015, 15, 66.8327493375, 9, 0.0, 0, 0.36
ndup, 345600, 0.01, 1000, 0.57, 202131.22281, 80.7120976539, 13, 65.7207817435, 9, 0.0, 0, 0.37
ndup, 345600, 0.01, 1000, 0.57, 195722.122847, 78.23858757, 11, 63.5634595105, 9, 0.0, 0, 0.38
ndup, 345600, 0.01, 1000, 0.57, 189141.162813, 76.0750505702, 11, 61.0225953737, 9, 0.0, 0, 0.39
ndup, 345600, 0.01, 1000, 0.57, 182819.771622, 74.0023243973, 11, 58.5772280275, 9, 0.0, 0, 0.4
ndup, 345600, 0.01, 1000, 0.57, 176745.26164, 72.0159562089, 11, 56.2227023144, 9, 0.0, 0, 0.41
ndup, 345600, 0.01, 1000, 0.57, 170897.98763, 70.1070251009, 11, 53.9535623776, 9, 0.0, 0, 0.42
ndup, 345600, 0.01, 1000, 0.57, 165215.9265, 68.2327138769, 11, 51.7652548944, 9, 0.0, 0, 0.43
ndup, 345600, 0.01, 1000, 0.57, 159748.009651, 66.4348375941, 11, 49.6544227522, 10, 0.0, 0, 0.44
ndup, 345600, 0.01, 1000, 0.57, 154486.105212, 64.7101095538, 11, 47.6184560165, 10, 0.0, 0, 0.45
ndup, 345600, 0.01, 1000, 0.57, 149422.492438, 63.0554628241, 11, 45.6548301619, 10, 0.0, 0, 0.46
ndup, 345600, 0.01, 1000, 0.57, 144548.429176, 61.4676075247, 10, 43.7605295019, 10, 0.0, 0, 0.47
ndup, 345600, 0.01, 1000, 0.57, 139422.641614, 59.6078531237, 10, 41.9327319004, 10, 0.0, 0, 0.48
ndup, 345600, 0.01, 1000, 0.57, 134458.505627, 57.8012652822, 10, 40.1673442114, 9, 0.0, 0, 0.49
ndup, 345600, 0.01, 1000, 0.57, 129651.316847, 56.0453555875, 10, 38.4633663522, 9, 0.0, 0, 0.5
