delayTolerance, linkLeakage, delayCutoff, storageSize, dataSize.0, flow.0, dataSize.1, flow.1, dataSize.2, flow.2
64800, 0.3, 43200, 8e+12, 8e+16, 4.76712532673e+15, 8e+16, 7.54432976434e+13, 8e+16, 1.1975951907e+13
68400, 0.3, 43200, 8e+12, 8e+16, 5.35023171975e+15, 8e+16, 1.68715681157e+14, 8e+16, 4.88352001965e+13
72000, 0.3, 43200, 8e+12, 8e+16, 5.93333811278e+15, 8e+16, 2.61988064671e+14, 8e+16, 8.56944484861e+13
75600, 0.3, 43200, 8e+12, 8e+16, 6.51644450581e+15, 8e+16, 3.55260448185e+14, 8e+16, 1.22553696776e+14
79200, 0.3, 43200, 8e+12, 8e+16, 7.09955089883e+15, 8e+16, 4.48532831698e+14, 8e+16, 1.59412945065e+14
82800, 0.3, 43200, 8e+12, 8e+16, 7.1933046797e+15, 8e+16, 1.70070473727e+14, 8e+16, 7.91932413455e+14
86400, 0.3, 43200, 8e+12, 8e+16, 7.73491674405e+15, 8e+16, 2.01068650178e+14, 8e+16, 9.32560197478e+14
90000, 0.3, 43200, 8e+12, 8e+16, 8.27652880841e+15, 8e+16, 2.32066826629e+14, 8e+16, 1.0731879815e+15
93600, 0.3, 43200, 8e+12, 8e+16, 8.81814087276e+15, 8e+16, 2.6306500308e+14, 8e+16, 1.21381576552e+15
97200, 0.3, 43200, 8e+12, 8e+16, 9.35975293712e+15, 8e+16, 2.94063179531e+14, 8e+16, 1.35444354955e+15
100800, 0.3, 43200, 8e+12, 8e+16, 9.90136500147e+15, 8e+16, 3.25061355981e+14, 8e+16, 1.49507133357e+15
104400, 0.3, 43200, 8e+12, 8e+16, 1.04429770658e+16, 8e+16, 3.56059532432e+14, 8e+16, 1.63569911759e+15
108000, 0.3, 43200, 8e+12, 8e+16, 1.09845891302e+16, 8e+16, 3.87057708883e+14, 8e+16, 1.77632690162e+15
111600, 0.3, 43200, 8e+12, 8e+16, 1.15262011945e+16, 8e+16, 4.18055885334e+14, 8e+16, 1.91695468564e+15
115200, 0.3, 43200, 8e+12, 8e+16, 3.15389277361e+15, 8e+16, 3.48399948681e+15, 8e+16, 4.19432249914e+15
118800, 0.3, 43200, 8e+12, 8e+16, 1.25851589145e+16, 8e+16, 4.80052238236e+14, 8e+16, 2.19821025369e+15
122400, 0.3, 43200, 8e+12, 8e+16, 1.31267709789e+16, 8e+16, 5.11050414686e+14, 8e+16, 2.33883803771e+15
126000, 0.3, 43200, 8e+12, 8e+16, 1.7828865397e+15, 8e+16, 6.56151262414e+15, 8e+16, 4.49890137743e+15
129600, 0.3, 43200, 8e+12, 8e+16, 9.88514323254e+14, 8e+16, 6.43891212003e+15, 8e+16, 6.11450048889e+15
133200, 0.3, 43200, 8e+12, 8e+16, 6.6028505462e+13, 8e+16, 1.19807855094e+16, 8e+16, 2.44014974335e+15
136800, 0.3, 43200, 8e+12, 8e+16, 1.5317485645e+16, 8e+16, 6.3504312049e+14, 8e+16, 2.9013491738e+15
140400, 0.3, 43200, 8e+12, 8e+16, 1.58590977094e+16, 8e+16, 6.6604129694e+14, 8e+16, 3.04197695782e+15
144000, 0.3, 43200, 8e+12, 8e+16, 1.64007097737e+16, 8e+16, 6.97039473391e+14, 8e+16, 3.18260474185e+15
147600, 0.3, 43200, 8e+12, 8e+16, 1.69423218381e+16, 8e+16, 7.28037649842e+14, 8e+16, 3.32323252587e+15
151200, 0.3, 43200, 8e+12, 8e+16, 1.74839339024e+16, 8e+16, 7.59035826293e+14, 8e+16, 3.46386030989e+15
154800, 0.3, 43200, 8e+12, 8e+16, 1.80255459668e+16, 8e+16, 7.90034002744e+14, 8e+16, 3.60448809392e+15
158400, 0.3, 43200, 8e+12, 8e+16, 1.85671580312e+16, 8e+16, 8.21032179195e+14, 8e+16, 3.74511587794e+15
162000, 0.3, 43200, 8e+12, 8e+16, 1.91087700955e+16, 8e+16, 8.52030355645e+14, 8e+16, 3.88574366196e+15
165600, 0.3, 43200, 8e+12, 8e+16, 1.96503821599e+16, 8e+16, 8.83028532096e+14, 8e+16, 4.02637144599e+15
169200, 0.3, 43200, 8e+12, 8e+16, 2.01919942242e+16, 8e+16, 9.14026708547e+14, 8e+16, 4.16699923001e+15
172800, 0.3, 43200, 8e+12, 8e+16, 5.20380511701e+15, 8e+16, 8.49451129244e+15, 8e+16, 8.66432083084e+15
176400, 0.3, 43200, 8e+12, 8e+16, 3.10946270496e+15, 8e+16, 1.34045297245e+16, 8e+16, 6.5861311112e+15
180000, 0.3, 43200, 8e+12, 8e+16, 1.49463810372e+15, 8e+16, 1.49677046056e+16, 8e+16, 7.51789154167e+15
183600, 0.3, 43200, 8e+12, 8e+16, 5.59946650116e+14, 8e+16, 1.28719992958e+16, 8e+16, 1.09470891755e+16
187200, 0.3, 43200, 8e+12, 8e+16, 6.44730713437e+14, 8e+16, 8.94597129352e+15, 8e+16, 1.56367296913e+16
190800, 0.3, 43200, 8e+12, 8e+16, 5.65616097282e+14, 8e+16, 1.5117838262e+16, 8e+16, 9.62235557053e+15
194400, 0.3, 43200, 8e+12, 8e+16, 3.22113687289e+14, 8e+16, 1.42346017631e+16, 8e+16, 1.20686916586e+16
198000, 0.3, 43200, 8e+12, 8e+16, 6.46635650992e+15, 8e+16, 1.11475934258e+16, 8e+16, 9.90593504139e+15
201600, 0.3, 43200, 8e+12, 8e+16, 9.96036794157e+14, 8e+16, 1.55814948096e+16, 8e+16, 1.13274540695e+16
205200, 0.3, 43200, 8e+12, 8e+16, 3.33741779311e+15, 8e+16, 1.78696157607e+16, 8e+16, 8.88970872676e+15
208800, 0.3, 43200, 8e+12, 8e+16, 8.04649594671e+14, 8e+16, 2.03415519682e+16, 8e+16, 8.09213642378e+15
212400, 0.3, 43200, 8e+12, 8e+16, 0.0, 0.0, 2.07600100609e+16, 8e+16, 1.01269584563e+16
216000, 0.3, 43200, 8e+12, 8e+16, 2.60463018789e+16, 8e+16, 2.38114730263e+15, 8e+16, 5.99516042231e+15
219600, 0.3, 43200, 8e+12, 8e+16, 0.0, 0.0, 1.70446767131e+16, 8e+16, 1.42939606252e+16
223200, 0.3, 43200, 8e+12, 8e+16, 3.73733860196e+15, 8e+16, 1.29072518473e+16, 8e+16, 1.53648242219e+16
226800, 0.3, 43200, 8e+12, 8e+16, 5.71802646661e+15, 8e+16, 1.24992048307e+16, 8e+16, 1.46345252125e+16
230400, 0.3, 43200, 8e+12, 8e+16, 0.0, 0.0, 1.8336233486e+16, 8e+16, 1.49952353006e+16
234000, 0.3, 43200, 8e+12, 8e+16, 2.99410113826e+16, 8e+16, 1.47199388466e+15, 8e+16, 6.69829934242e+15
237600, 0.3, 43200, 8e+12, 8e+16, 3.0482623447e+16, 8e+16, 1.50299206111e+15, 8e+16, 6.83892712645e+15
241200, 0.3, 43200, 8e+12, 8e+16, 3.10242355113e+16, 8e+16, 1.53399023756e+15, 8e+16, 6.97955491047e+15
244800, 0.3, 43200, 8e+12, 8e+16, 3.15658475757e+16, 8e+16, 1.56498841401e+15, 8e+16, 7.12018269449e+15
248400, 0.3, 43200, 8e+12, 8e+16, 3.210745964e+16, 8e+16, 1.59598659047e+15, 8e+16, 7.26081047852e+15
252000, 0.3, 43200, 8e+12, 8e+16, 3.26490717044e+16, 8e+16, 1.62698476692e+15, 8e+16, 7.40143826254e+15
255600, 0.3, 43200, 8e+12, 8e+16, 3.31906837687e+16, 8e+16, 1.65798294337e+15, 8e+16, 7.54206604656e+15
259200, 0.3, 43200, 8e+12, 8e+16, 3.37322958331e+16, 8e+16, 1.68898111982e+15, 8e+16, 7.68269383059e+15
262800, 0.3, 43200, 8e+12, 8e+16, 3.42739078975e+16, 8e+16, 1.71997929627e+15, 8e+16, 7.82332161461e+15
266400, 0.3, 43200, 8e+12, 8e+16, 3.48155199618e+16, 8e+16, 1.75097747272e+15, 8e+16, 7.96394939863e+15
270000, 0.3, 43200, 8e+12, 8e+16, 3.53571320262e+16, 8e+16, 1.78197564917e+15, 8e+16, 8.10457718266e+15
273600, 0.3, 43200, 8e+12, 8e+16, 3.58987440905e+16, 8e+16, 1.81297382562e+15, 8e+16, 8.24520496668e+15
277200, 0.3, 43200, 8e+12, 8e+16, 3.64403561549e+16, 8e+16, 1.84397200207e+15, 8e+16, 8.3858327507e+15
280800, 0.3, 43200, 8e+12, 8e+16, 9.07674270637e+15, 8e+16, 1.88774861105e+16, 8e+16, 1.6440669769e+16
284400, 0.3, 43200, 8e+12, 8e+16, 1.32137548307e+16, 8e+16, 1.21332750543e+16, 8e+16, 1.94789877294e+16
288000, 0.3, 43200, 8e+12, 8e+16, 1.18924339319e+16, 8e+16, 1.70331715074e+16, 8e+16, 1.65838506088e+16
291600, 0.3, 43200, 8e+12, 8e+16, 3.45790981066e+15, 8e+16, 1.79732705762e+16, 8e+16, 2.40098503982e+16
295200, 0.3, 43200, 8e+12, 8e+16, 1.92804538563e+15, 8e+16, 3.41189134074e+16, 8e+16, 1.07995843567e+16
298800, 0.3, 43200, 8e+12, 8e+16, 2.53630317795e+15, 8e+16, 1.45323042986e+16, 8e+16, 2.98410626692e+16
302400, 0.3, 43200, 8e+12, 8e+16, 9.72845488382e+15, 8e+16, 2.71830744279e+16, 8e+16, 1.13260682548e+16
306000, 0.3, 43200, 8e+12, 8e+16, 8.20140970224e+15, 8e+16, 2.22179862925e+16, 8e+16, 1.89136007231e+16
309600, 0.3, 43200, 8e+12, 8e+16, 5.35840694541e+15, 8e+16, 3.34791267719e+16, 8e+16, 1.07195056547e+16
313200, 0.3, 43200, 8e+12, 8e+16, 4.77810030459e+15, 8e+16, 2.91325627367e+16, 8e+16, 1.64622209901e+16
316800, 0.3, 43200, 8e+12, 8e+16, 3.75669574156e+15, 8e+16, 2.19533516652e+16, 8e+16, 2.4924932013e+16
320400, 0.3, 43200, 8e+12, 8e+16, 9.1739350292e+15, 8e+16, 2.20199386253e+16, 8e+16, 2.02202067847e+16
324000, 0.3, 43200, 8e+12, 8e+16, 1.14759518352e+16, 8e+16, 2.46727706791e+16, 8e+16, 1.6423418083e+16
327600, 0.3, 43200, 8e+12, 8e+16, 2.2932901864e+15, 8e+16, 8.72692057692e+15, 8e+16, 4.17802284902e+16
331200, 0.3, 43200, 8e+12, 8e+16, 1.13398575542e+16, 8e+16, 1.73464963491e+16, 8e+16, 2.63142487558e+16
334800, 0.3, 43200, 8e+12, 8e+16, 4.34759366825e+15, 8e+16, 2.41349678723e+16, 8e+16, 2.53231041848e+16
338400, 0.3, 43200, 8e+12, 8e+16, 1.71392516859e+15, 8e+16, 2.80818774925e+16, 8e+16, 2.50947578337e+16
342000, 0.3, 43200, 8e+12, 8e+16, 1.34164617338e+16, 8e+16, 2.29410099144e+16, 8e+16, 2.02395085722e+16
345600, 0.3, 43200, 8e+12, 8e+16, 0.0, 0.0, 3.25819407241e+16, 8e+16, 2.42389400951e+16
349200, 0.3, 43200, 8e+12, 8e+16, 8.8869901373e+15, 8e+16, 3.7964245196e+16, 8e+16, 1.08997814484e+16
352800, 0.3, 43200, 8e+12, 8e+16, 0.0, 0.0, 3.07813023576e+16, 8e+16, 2.71180363062e+16
356400, 0.3, 43200, 8e+12, 8e+16, 0.0, 0.0, 4.55029840191e+16, 8e+16, 1.28140662466e+16
360000, 0.3, 43200, 8e+12, 8e+16, 7.42343432508e+15, 8e+16, 2.83103190451e+16, 8e+16, 2.33866860591e+16
363600, 0.3, 43200, 8e+12, 8e+16, 8.05478569517e+15, 8e+16, 3.12068077598e+16, 8e+16, 2.05528316738e+16
367200, 0.3, 43200, 8e+12, 8e+16, 5.44990028927e+15, 8e+16, 2.68643168138e+16, 8e+16, 2.83892438697e+16
370800, 0.3, 43200, 8e+12, 8e+16, 2.89448783229e+15, 8e+16, 2.84206394437e+16, 8e+16, 3.0016272111e+16
374400, 0.3, 43200, 8e+12, 8e+16, 1.14143286803e+15, 8e+16, 3.12795104897e+16, 8e+16, 2.94816600286e+16
378000, 0.3, 43200, 8e+12, 8e+16, 5.83286439344e+15, 8e+16, 2.95954741253e+16, 8e+16, 2.74256235928e+16
381600, 0.3, 43200, 8e+12, 8e+16, 5.26925301411e+15, 8e+16, 3.01380493313e+16, 8e+16, 2.83288137124e+16
385200, 0.3, 43200, 8e+12, 8e+16, 7.45902143039e+13, 8e+16, 3.466221981e+16, 8e+16, 2.92062020622e+16
388800, 0.3, 43200, 8e+12, 8e+16, 2.32562857568e+16, 8e+16, 1.42848686486e+16, 8e+16, 2.78018056814e+16
392400, 0.3, 43200, 8e+12, 8e+16, 1.30902603198e+15, 8e+16, 3.51545675084e+16, 8e+16, 2.88955807712e+16
396000, 0.3, 43200, 8e+12, 8e+16, 1.36071356503e+15, 8e+16, 2.54502802333e+16, 8e+16, 3.95786927364e+16
399600, 0.3, 43200, 8e+12, 8e+16, 1.45123159445e+16, 8e+16, 2.44429785518e+16, 8e+16, 2.81510690944e+16
403200, 0.3, 43200, 8e+12, 8e+16, 3.22877223761e+15, 8e+16, 3.91833146545e+16, 8e+16, 2.55190799977e+16
406800, 0.3, 43200, 8e+12, 8e+16, 1.80041349869e+16, 8e+16, 1.27009124103e+16, 8e+16, 3.83582699535e+16
410400, 0.3, 43200, 8e+12, 8e+16, 4.39787887939e+15, 8e+16, 4.80763721798e+16, 8e+16, 1.63224420728e+16
414000, 0.3, 43200, 8e+12, 8e+16, 5.05777367469e+16, 8e+16, 9.10859363776e+15, 8e+16, 1.37296885436e+16
417600, 0.3, 43200, 8e+12, 8e+16, 5.75632266647e+16, 8e+16, 3.05290088365e+15, 8e+16, 1.38703163276e+16
421200, 0.3, 43200, 8e+12, 8e+16, 0.0, 0.0, 3.09309089394e+16, 8e+16, 4.04481614723e+16
424800, 0.3, 43200, 8e+12, 8e+16, 0.0, 0.0, 4.85036096074e+16, 8e+16, 2.40157448605e+16
428400, 0.3, 43200, 8e+12, 8e+16, 0.0, 0.0, 4.1892250184e+16, 8e+16, 3.07748185415e+16
432000, 0.3, 43200, 8e+12, 8e+16, 5.97296749222e+16, 8e+16, 3.17689358946e+15, 8e+16, 1.44328274637e+16
435600, 0.3, 43200, 8e+12, 8e+16, 6.02712869865e+16, 8e+16, 3.20789176591e+15, 8e+16, 1.45734552477e+16
439200, 0.3, 43200, 8e+12, 8e+16, 6.08128990509e+16, 8e+16, 3.23888994236e+15, 8e+16, 1.47140830317e+16
442800, 0.3, 43200, 8e+12, 8e+16, 6.13545111152e+16, 8e+16, 3.26988811881e+15, 8e+16, 1.48547108158e+16
446400, 0.3, 43200, 8e+12, 8e+16, 6.18961231796e+16, 8e+16, 3.30088629526e+15, 8e+16, 1.49953385998e+16
450000, 0.3, 43200, 8e+12, 8e+16, 6.24377352439e+16, 8e+16, 3.33188447171e+15, 8e+16, 1.51359663838e+16
453600, 0.3, 43200, 8e+12, 8e+16, 6.29793473083e+16, 8e+16, 3.36288264816e+15, 8e+16, 1.52765941678e+16
457200, 0.3, 43200, 8e+12, 8e+16, 6.35209593726e+16, 8e+16, 3.39388082461e+15, 8e+16, 1.54172219519e+16
460800, 0.3, 43200, 8e+12, 8e+16, 6.4062571437e+16, 8e+16, 3.42487900106e+15, 8e+16, 1.55578497359e+16
464400, 0.3, 43200, 8e+12, 8e+16, 6.46041835014e+16, 8e+16, 3.45587717752e+15, 8e+16, 1.56984775199e+16
468000, 0.3, 43200, 8e+12, 8e+16, 6.51457955657e+16, 8e+16, 3.48687535397e+15, 8e+16, 1.58391053039e+16
471600, 0.3, 43200, 8e+12, 8e+16, 6.56874076301e+16, 8e+16, 3.51787353042e+15, 8e+16, 1.59797330879e+16
475200, 0.3, 43200, 8e+12, 8e+16, 6.62290196944e+16, 8e+16, 3.54887170687e+15, 8e+16, 1.6120360872e+16
478800, 0.3, 43200, 8e+12, 8e+16, 6.67706317588e+16, 8e+16, 3.57986988332e+15, 8e+16, 1.6260988656e+16
482400, 0.3, 43200, 8e+12, 8e+16, 6.73122438231e+16, 8e+16, 3.61086805977e+15, 8e+16, 1.640161644e+16
486000, 0.3, 43200, 8e+12, 8e+16, 6.78538558875e+16, 8e+16, 3.64186623622e+15, 8e+16, 1.6542244224e+16
489600, 0.3, 43200, 8e+12, 8e+16, 6.83954679518e+16, 8e+16, 3.67286441267e+15, 8e+16, 1.66828720081e+16
493200, 0.3, 43200, 8e+12, 8e+16, 6.89370800162e+16, 8e+16, 3.70386258912e+15, 8e+16, 1.68234997921e+16
496800, 0.3, 43200, 8e+12, 8e+16, 6.94786920806e+16, 8e+16, 3.73486076557e+15, 8e+16, 1.69641275761e+16
500400, 0.3, 43200, 8e+12, 8e+16, 7.63141566493e+15, 8e+16, 3.63869304079e+16, 8e+16, 4.35191464207e+16
504000, 0.3, 43200, 8e+12, 8e+16, 1.48500748875e+16, 8e+16, 3.78050314938e+16, 8e+16, 3.50466382545e+16
507600, 0.3, 43200, 8e+12, 8e+16, 6.31838701054e+15, 8e+16, 3.66034337846e+16, 8e+16, 4.57332910411e+16
511200, 0.3, 43200, 8e+12, 8e+16, 1.59784414532e+16, 8e+16, 3.52793713386e+16, 8e+16, 3.81007289524e+16
514800, 0.3, 43200, 8e+12, 8e+16, 4.15340550039e+15, 8e+16, 3.38270387605e+16, 8e+16, 5.1749837574e+16
518400, 0.3, 43200, 8e+12, 8e+16, 4.6253497058e+16, 8e+16, 3.75728057584e+16, 8e+16, 8.21697753381e+15
522000, 0.3, 43200, 8e+12, 8e+16, 1.00812726855e+16, 8e+16, 4.85608973592e+16, 8e+16, 3.24768078519e+16
525600, 0.3, 43200, 8e+12, 8e+16, 4.11538467581e+15, 8e+16, 4.0503505061e+16, 8e+16, 4.73340045918e+16
529200, 0.3, 43200, 8e+12, 8e+16, 2.85462037124e+16, 8e+16, 3.09842517345e+16, 8e+16, 3.34859637003e+16
532800, 0.3, 43200, 8e+12, 8e+16, 3.28350054983e+16, 8e+16, 3.41279228005e+16, 8e+16, 2.65254077134e+16
536400, 0.3, 43200, 8e+12, 8e+16, 7.57993456979e+15, 8e+16, 6.44946820155e+16, 8e+16, 2.21777791626e+16
540000, 0.3, 43200, 8e+12, 8e+16, 2.69375568555e+16, 8e+16, 3.25676125169e+16, 8e+16, 3.53826083498e+16
543600, 0.3, 43200, 8e+12, 8e+16, 2.60605113637e+15, 8e+16, 4.83897098867e+16, 8e+16, 4.44545339158e+16
547200, 0.3, 43200, 8e+12, 8e+16, 7.77694673249e+15, 8e+16, 3.32285953384e+16, 8e+16, 5.53526452941e+16
550800, 0.3, 43200, 8e+12, 8e+16, 7.18463973963e+15, 8e+16, 6.1229271972e+16, 8e+16, 2.90329982218e+16
554400, 0.3, 43200, 8e+12, 8e+16, 3.28082469043e+16, 8e+16, 2.18846148521e+16, 8e+16, 4.32326637414e+16
558000, 0.3, 43200, 8e+12, 8e+16, 4.09789539699e+16, 8e+16, 1.93929441443e+16, 8e+16, 3.79599589801e+16
561600, 0.3, 43200, 8e+12, 8e+16, 1.87353510857e+16, 8e+16, 3.88595641331e+16, 8e+16, 4.16019894169e+16
565200, 0.3, 43200, 8e+12, 8e+16, 5.17211597473e+16, 8e+16, 2.4404873485e+16, 8e+16, 2.38987192246e+16
568800, 0.3, 43200, 8e+12, 8e+16, 8.29576817898e+15, 8e+16, 6.74766444927e+16, 8e+16, 2.50930803921e+16
572400, 0.3, 43200, 8e+12, 8e+16, 1.63880230799e+16, 8e+16, 3.87085573816e+16, 8e+16, 4.62611452344e+16
576000, 0.3, 43200, 8e+12, 8e+16, 1.94908191121e+15, 8e+16, 4.33138107586e+16, 8e+16, 5.68863238271e+16
579600, 0.3, 43200, 8e+12, 0.0, 0.0, 8e+16, 6.40712430434e+16, 8e+16, 3.86270003509e+16
583200, 0.3, 43200, 8e+12, 8e+16, 8.44418133948e+15, 8e+16, 4.22436597879e+16, 8e+16, 5.28004804887e+16
586800, 0.3, 43200, 8e+12, 0.0, 0.0, 8e+16, 4.0750166234e+16, 8e+16, 6.31059863283e+16
590400, 0.3, 43200, 8e+12, 8e+16, 2.29840114267e+16, 8e+16, 4.81059868519e+16, 8e+16, 3.43766461618e+16
594000, 0.3, 43200, 8e+12, 8e+16, 4.39130786125e+16, 8e+16, 2.18630707091e+16, 8e+16, 4.07224254849e+16
597600, 0.3, 43200, 8e+12, 8e+16, 6.91414006674e+15, 8e+16, 6.18358215303e+16, 8e+16, 3.81780554934e+16
601200, 0.3, 43200, 8e+12, 8e+16, 1.55153324348e+16, 8e+16, 5.16497202576e+16, 8e+16, 3.98327779753e+16
604800, 0.3, 43200, 8e+12, 8e+16, 1.73661346466e+16, 8e+16, 4.28679414504e+16, 8e+16, 4.74090389489e+16
608400, 0.3, 43200, 8e+12, 8e+16, 8.77017789434e+15, 8e+16, 6.3869374348e+16, 8e+16, 3.5895445384e+16
612000, 0.3, 43200, 8e+12, 8e+16, 9.17996319937e+15, 8e+16, 7.40548420672e+16, 8e+16, 2.6102910558e+16
615600, 0.3, 43200, 8e+12, 8e+16, 1.26134738258e+16, 8e+16, 4.48182311045e+16, 8e+16, 5.30507684604e+16
619200, 0.3, 43200, 8e+12, 8e+16, 6.95031392369e+15, 8e+16, 3.6037461935e+16, 8e+16, 6.7578173313e+16
622800, 0.3, 43200, 8e+12, 8e+16, 1.12822767085e+15, 8e+16, 5.0236497149e+16, 8e+16, 6.01642409056e+16
626400, 0.3, 43200, 8e+12, 8e+16, 1.12887596768e+16, 8e+16, 5.24267566562e+16, 8e+16, 4.84357211902e+16
630000, 0.3, 43200, 8e+12, 8e+16, 2.25633287326e+15, 8e+16, 6.09255991454e+16, 8e+16, 4.9779161556e+16
633600, 0.3, 43200, 8e+12, 8e+16, 2.62457977284e+15, 8e+16, 8e+16, 8e+16, 3.09208423721e+16
637200, 0.3, 43200, 8e+12, 8e+16, 1.72947116636e+16, 8e+16, 4.91899450154e+16, 8e+16, 4.74826992902e+16
640800, 0.3, 43200, 8e+12, 0.0, 0.0, 8e+16, 8e+16, 8e+16, 3.51518646652e+16
644400, 0.3, 43200, 8e+12, 8e+16, 4.67351300013e+16, 8e+16, 5.68774512973e+16, 8e+16, 1.39900786822e+16
648000, 0.3, 43200, 8e+12, 8e+16, 1.18620059367e+16, 8e+16, 4.93049156205e+16, 8e+16, 5.53829986555e+16
651600, 0.3, 43200, 8e+12, 8e+16, 2.43606917318e+16, 8e+16, 4.68687577851e+16, 8e+16, 4.60688070639e+16
655200, 0.3, 43200, 8e+12, 8e+16, 2.07903520594e+16, 8e+16, 5.95215274091e+16, 8e+16, 3.81786157024e+16
658800, 0.3, 43200, 8e+12, 8e+16, 1.03124442045e+16, 8e+16, 3.48906766553e+16, 8e+16, 7.3171529777e+16
662400, 0.3, 43200, 8e+12, 8e+16, 1.39215316845e+16, 8e+16, 4.48112731226e+16, 8e+16, 6.02547841943e+16
666000, 0.3, 43200, 8e+12, 0.0, 0.0, 8e+16, 8e+16, 8e+16, 3.97396950661e+16
669600, 0.3, 43200, 8e+12, 8e+16, 8.63607663713e+15, 8e+16, 4.0817407503e+16, 8e+16, 7.0851950975e+16
673200, 0.3, 43200, 8e+12, 8e+16, 6.77003881264e+15, 8e+16, 5.65933870259e+16, 8e+16, 5.80795519164e+16
676800, 0.3, 43200, 8e+12, 8e+16, 1.25912125096e+16, 8e+16, 6.68040969497e+16, 8e+16, 4.31034233698e+16
680400, 0.3, 43200, 8e+12, 8e+16, 1.21159968044e+16, 8e+16, 6.60153362361e+16, 8e+16, 4.51578153709e+16
684000, 0.3, 43200, 8e+12, 8e+16, 2.28159192885e+16, 8e+16, 6.58591330253e+16, 8e+16, 3.51239791846e+16
687600, 0.3, 43200, 8e+12, 8e+16, 6.30141059528e+15, 8e+16, 7.48344074533e+16, 8e+16, 4.33662004419e+16
691200, 0.3, 43200, 8e+12, 8e+16, 6.26950083165e+15, 8e+16, 4.61996248351e+16, 8e+16, 7.27125739469e+16
694800, 0.3, 43200, 8e+12, 8e+16, 2.26267993316e+16, 8e+16, 3.68879312869e+16, 8e+16, 6.59748426324e+16
698400, 0.3, 43200, 8e+12, 8e+16, 1.49516699126e+16, 8e+16, 4.38682823424e+16, 8e+16, 6.74126151278e+16
702000, 0.3, 43200, 8e+12, 8e+16, 6.69366957202e+15, 8e+16, 8e+16, 8e+16, 4.02334219356e+16
705600, 0.3, 43200, 8e+12, 8e+16, 1.05680757299e+16, 8e+16, 3.74342340862e+16, 8e+16, 8e+16
709200, 0.3, 43200, 8e+12, 8e+16, 2.23535870664e+16, 8e+16, 5.76914710186e+16, 8e+16, 4.82644748496e+16
712800, 0.3, 43200, 8e+12, 8e+16, 4.43896124698e+15, 8e+16, 4.47400169428e+16, 8e+16, 8e+16
716400, 0.3, 43200, 8e+12, 8e+16, 2.17009271032e+15, 8e+16, 5.543902891e+16, 8e+16, 7.25526681703e+16
720000, 0.3, 43200, 8e+12, 8e+16, 2.06328422999e+16, 8e+16, 8e+16, 8e+16, 3.08301496572e+16
723600, 0.3, 43200, 8e+12, 8e+16, 2.61817950776e+15, 8e+16, 7.02190368508e+16, 8e+16, 5.84727627689e+16
727200, 0.3, 43200, 8e+12, 8e+16, 8.72866675298e+15, 8e+16, 8e+16, 8e+16, 4.36519143185e+16
730800, 0.3, 43200, 8e+12, 0.0, 0.0, 8e+16, 8e+16, 8e+16, 5.29089381504e+16
734400, 0.3, 43200, 8e+12, 8e+16, 1.76411442231e+16, 8e+16, 8e+16, 8e+16, 3.58071331311e+16
738000, 0.3, 43200, 8e+12, 8e+16, 2.71553732654e+16, 8e+16, 5.18196206006e+16, 8e+16, 5.5646992562e+16
741600, 0.3, 43200, 8e+12, 8e+16, 1.0882247409e+16, 8e+16, 7.31521294833e+16, 8e+16, 5.08172951871e+16
745200, 0.3, 43200, 8e+12, 0.0, 0.0, 8e+16, 6.34219858384e+16, 8e+16, 7.18169263209e+16
748800, 0.3, 43200, 8e+12, 8e+16, 1.08897959018e+16, 8e+16, 7.70024435408e+16, 8e+16, 4.88074089141e+16
752400, 0.3, 43200, 8e+12, 8e+16, 9.81355405387e+15, 8e+16, 4.73079456049e+16, 8e+16, 8e+16
756000, 0.3, 43200, 8e+12, 0.0, 0.0, 8e+16, 8e+16, 8e+16, 5.79656077779e+16
759600, 0.3, 43200, 8e+12, 8e+16, 1.13986101151e+16, 8e+16, 5.75907803917e+16, 8e+16, 6.9793762566e+16
763200, 0.3, 43200, 8e+12, 8e+16, 9.35346326824e+15, 8e+16, 4.99764763759e+16, 8e+16, 8e+16
766800, 0.3, 43200, 8e+12, 8e+16, 2.1880005631e+16, 8e+16, 3.84990943708e+16, 8e+16, 7.98716375309e+16
770400, 0.3, 43200, 8e+12, 8e+16, 5.13404801691e+15, 8e+16, 7.3145288246e+16, 8e+16, 6.26043685968e+16
774000, 0.3, 43200, 8e+12, 8e+16, 2.71709893989e+16, 8e+16, 8e+16, 8e+16, 3.45870423526e+16
777600, 0.3, 43200, 8e+12, 8e+16, 1.15706686643e+16, 8e+16, 7.8631698329e+16, 8e+16, 5.23472892407e+16
781200, 0.3, 43200, 8e+12, 8e+16, 8.44986912486e+15, 8e+16, 6.16117403101e+16, 8e+16, 7.26074035537e+16
784800, 0.3, 43200, 8e+12, 0.0, 0.0, 8e+16, 7.84586873972e+16, 8e+16, 6.51589814756e+16
788400, 0.3, 43200, 8e+12, 8e+16, 9.76308462137e+15, 8e+16, 5.44681853807e+16, 8e+16, 8e+16
792000, 0.3, 43200, 8e+12, 8e+16, 1.96865805221e+16, 8e+16, 7.17805518217e+16, 8e+16, 5.38553547494e+16
795600, 0.3, 43200, 8e+12, 8e+16, 1.13563424845e+16, 8e+16, 5.66589114546e+16, 8e+16, 7.79718085872e+16
799200, 0.3, 43200, 8e+12, 8e+16, 2.43743438231e+16, 8e+16, 7.67553053925e+16, 8e+16, 4.59743984693e+16
802800, 0.3, 43200, 8e+12, 8e+16, 2.99583653085e+15, 8e+16, 6.43562188416e+16, 8e+16, 8e+16
806400, 0.3, 43200, 8e+12, 0.0, 0.0, 8e+16, 7.17878265059e+16, 8e+16, 7.56860028215e+16
810000, 0.3, 43200, 8e+12, 8e+16, 9.12682956223e+15, 8e+16, 8e+16, 8e+16, 6.00281784158e+16
813600, 0.3, 43200, 8e+12, 0.0, 0.0, 8e+16, 7.50275329791e+16, 8e+16, 7.39641050621e+16
817200, 0.3, 43200, 8e+12, 8e+16, 1.08404443083e+16, 8e+16, 5.92164938186e+16, 8e+16, 8e+16
820800, 0.3, 43200, 8e+12, 8e+16, 1.14458541805e+15, 8e+16, 6.91653637203e+16, 8e+16, 8e+16
824400, 0.3, 43200, 8e+12, 8e+16, 8e+16, 8e+16, 4.40586379626e+16, 8e+16, 3.08308437887e+16
828000, 0.3, 43200, 8e+12, 8e+16, 8e+16, 8e+16, 4.4624991013e+16, 8e+16, 3.09760997467e+16
831600, 0.3, 43200, 8e+12, 8e+16, 8e+16, 8e+16, 4.5191358869e+16, 8e+16, 3.11213557047e+16
835200, 0.3, 43200, 8e+12, 8e+16, 8e+16, 8e+16, 4.57577413299e+16, 8e+16, 3.12666116627e+16
838800, 0.3, 43200, 8e+12, 8e+16, 8e+16, 8e+16, 4.63241381983e+16, 8e+16, 3.14118676207e+16
842400, 0.3, 43200, 8e+12, 8e+16, 8e+16, 8e+16, 4.68905492804e+16, 8e+16, 3.15571235787e+16
846000, 0.3, 43200, 8e+12, 8e+16, 8e+16, 8e+16, 4.74569743859e+16, 8e+16, 3.17023795366e+16
849600, 0.3, 43200, 8e+12, 8e+16, 8e+16, 8e+16, 4.80234133279e+16, 8e+16, 3.18476354946e+16
853200, 0.3, 43200, 8e+12, 8e+16, 8e+16, 8e+16, 4.85898659227e+16, 8e+16, 3.19928914526e+16
856800, 0.3, 43200, 8e+12, 8e+16, 8e+16, 8e+16, 4.915633199e+16, 8e+16, 3.21381474106e+16
860400, 0.3, 43200, 8e+12, 8e+16, 8e+16, 8e+16, 4.97228113525e+16, 8e+16, 3.22834033686e+16
864000, 0.3, 43200, 8e+12, 8e+16, 8e+16, 8e+16, 5.0289303836e+16, 8e+16, 3.24286593266e+16
867600, 0.3, 43200, 8e+12, 8e+16, 7.42853492608e+16, 8e+16, 5.89751786482e+16, 8e+16, 3.0246337275e+16
871200, 0.3, 43200, 8e+12, 8e+16, 7.46056768729e+16, 8e+16, 5.92332554871e+16, 8e+16, 3.03811708488e+16
874800, 0.3, 43200, 8e+12, 8e+16, 7.4926004485e+16, 8e+16, 5.9491332326e+16, 8e+16, 3.05160044226e+16
878400, 0.3, 43200, 8e+12, 8e+16, 7.52463320971e+16, 8e+16, 5.97494091649e+16, 8e+16, 3.06508379964e+16
882000, 0.3, 43200, 8e+12, 8e+16, 7.55666597092e+16, 8e+16, 6.00074860038e+16, 8e+16, 3.07856715703e+16
885600, 0.3, 43200, 8e+12, 8e+16, 7.58869873213e+16, 8e+16, 6.02655628427e+16, 8e+16, 3.09205051441e+16
889200, 0.3, 43200, 8e+12, 8e+16, 7.62073149334e+16, 8e+16, 6.05236396816e+16, 8e+16, 3.10553387179e+16
892800, 0.3, 43200, 8e+12, 8e+16, 7.65276425455e+16, 8e+16, 6.07817165205e+16, 8e+16, 3.11901722917e+16
896400, 0.3, 43200, 8e+12, 8e+16, 7.68479701576e+16, 8e+16, 6.10397933594e+16, 8e+16, 3.13250058656e+16
900000, 0.3, 43200, 8e+12, 8e+16, 8e+16, 8e+16, 5.85225685334e+16, 8e+16, 3.14598394394e+16
903600, 0.3, 43200, 8e+12, 8e+16, 8e+16, 8e+16, 5.90996311039e+16, 8e+16, 3.15946730132e+16
907200, 0.3, 43200, 8e+12, 8e+16, 8e+16, 8e+16, 5.96767047195e+16, 8e+16, 3.1729506587e+16
910800, 0.3, 43200, 8e+12, 8e+16, 8e+16, 8e+16, 6.02664494203e+16, 8e+16, 3.18643401609e+16
914400, 0.3, 43200, 8e+12, 8e+16, 8e+16, 8e+16, 6.08435449291e+16, 8e+16, 3.19991737347e+16
918000, 0.3, 43200, 8e+12, 8e+16, 8e+16, 8e+16, 6.14079904901e+16, 8e+16, 3.21340073085e+16
921600, 0.3, 43200, 8e+12, 8e+16, 8e+16, 8e+16, 6.19851069501e+16, 8e+16, 3.22688408823e+16
925200, 0.3, 43200, 8e+12, 8e+16, 8e+16, 8e+16, 6.25622337979e+16, 8e+16, 3.24036744562e+16
928800, 0.3, 43200, 8e+12, 8e+16, 8e+16, 8e+16, 6.31393709083e+16, 8e+16, 3.253850803e+16
932400, 0.3, 43200, 8e+12, 8e+16, 8e+16, 8e+16, 6.37159608921e+16, 8e+16, 3.26733416038e+16
936000, 0.3, 43200, 8e+12, 8e+16, 8e+16, 8e+16, 6.43044131559e+16, 8e+16, 3.28081751776e+16
939600, 0.3, 43200, 8e+12, 8e+16, 8e+16, 8e+16, 6.48802768011e+16, 8e+16, 3.29430087515e+16
943200, 0.3, 43200, 8e+12, 8e+16, 7.3278412523e+16, 8e+16, 3.39431802735e+16, 8e+16, 6.75405982989e+16
946800, 0.3, 43200, 8e+12, 8e+16, 5.58294895032e+16, 8e+16, 5.72984315974e+16, 8e+16, 6.20499372185e+16
950400, 0.3, 43200, 8e+12, 8e+16, 6.60946105178e+16, 8e+16, 5.17111858399e+16, 8e+16, 5.81520677756e+16
954000, 0.3, 43200, 8e+12, 8e+16, 6.21328241861e+16, 8e+16, 6.9666911245e+16, 8e+16, 4.48266372577e+16
957600, 0.3, 43200, 8e+12, 8e+16, 3.65605649102e+16, 8e+16, 6.09942335138e+16, 8e+16, 8e+16
961200, 0.3, 43200, 8e+12, 8e+16, 7.97179767546e+16, 8e+16, 2.53414849387e+16, 8e+16, 7.36513064661e+16
964800, 0.3, 43200, 8e+12, 8e+16, 8e+16, 8e+16, 6.1477582849e+16, 8e+16, 3.79775901931e+16
968400, 0.3, 43200, 8e+12, 8e+16, 7.98729275959e+16, 8e+16, 4.49474551278e+16, 8e+16, 5.514440955e+16
972000, 0.3, 43200, 8e+12, 8e+16, 6.95338236407e+16, 8e+16, 6.51379786753e+16, 8e+16, 4.54253760878e+16
975600, 0.3, 43200, 8e+12, 8e+16, 6.37377657242e+16, 8e+16, 8e+16, 8e+16, 3.71594018413e+16
979200, 0.3, 43200, 8e+12, 8e+16, 5.42702174826e+16, 8e+16, 4.73325025446e+16, 8e+16, 8e+16
982800, 0.3, 43200, 8e+12, 8e+16, 7.70164803247e+16, 8e+16, 4.45504064668e+16, 8e+16, 6.1135970585e+16
986400, 0.3, 43200, 8e+12, 8e+16, 6.755922249e+16, 8e+16, 8e+16, 8e+16, 3.55757438362e+16
990000, 0.3, 43200, 8e+12, 8e+16, 5.03765426347e+16, 8e+16, 5.95968506792e+16, 8e+16, 7.37926187119e+16
993600, 0.3, 43200, 8e+12, 8e+16, 2.45140051568e+16, 8e+16, 8e+16, 8e+16, 8e+16
997200, 0.3, 43200, 8e+12, 8e+16, 6.33683318982e+16, 8e+16, 6.56190514904e+16, 8e+16, 5.66113459865e+16
1000800, 0.3, 43200, 8e+12, 8e+16, 5.04451055452e+16, 8e+16, 5.54779377391e+16, 8e+16, 8e+16
1004400, 0.3, 43200, 8e+12, 8e+16, 6.47504910778e+16, 8e+16, 8e+16, 8e+16, 4.17784136243e+16
1008000, 0.3, 43200, 8e+12, 8e+16, 7.81985370949e+16, 8e+16, 5.36522890416e+16, 8e+16, 5.53850214516e+16
1011600, 0.3, 43200, 8e+12, 8e+16, 6.02451686389e+16, 8e+16, 5.66932118047e+16, 8e+16, 7.09438416645e+16
1015200, 0.3, 43200, 8e+12, 8e+16, 4.09957571784e+16, 8e+16, 6.81618897596e+16, 8e+16, 8e+16
1018800, 0.3, 43200, 8e+12, 8e+16, 8e+16, 8e+16, 8e+16, 8e+16, 2.93262650306e+16
1022400, 0.3, 43200, 8e+12, 8e+16, 7.64171566296e+16, 8e+16, 8e+16, 8e+16, 3.37035329877e+16
1026000, 0.3, 43200, 8e+12, 8e+16, 5.10369792172e+16, 8e+16, 8e+16, 8e+16, 5.99030310092e+16
1029600, 0.3, 43200, 8e+12, 8e+16, 8e+16, 8e+16, 8e+16, 8e+16, 3.17025408651e+16
1033200, 0.3, 43200, 8e+12, 8e+16, 6.84722197653e+16, 8e+16, 6.11796928959e+16, 8e+16, 6.31620121578e+16
1036800, 0.3, 43200, 8e+12, 8e+16, 6.12427501316e+16, 8e+16, 5.66130985197e+16, 8e+16, 7.52680353616e+16
1040400, 0.3, 43200, 8e+12, 8e+16, 4.64017244937e+16, 8e+16, 6.72262220073e+16, 8e+16, 8e+16
1044000, 0.3, 43200, 8e+12, 8e+16, 6.94254387767e+16, 8e+16, 5.08973485469e+16, 8e+16, 7.38482413888e+16
1047600, 0.3, 43200, 8e+12, 8e+16, 4.35421058914e+16, 8e+16, 7.23290542451e+16, 8e+16, 8e+16
1051200, 0.3, 43200, 8e+12, 8e+16, 5.80913364983e+16, 8e+16, 8e+16, 8e+16, 5.77231041281e+16
1054800, 0.3, 43200, 8e+12, 8e+16, 8e+16, 8e+16, 5.76718307976e+16, 8e+16, 5.93347297014e+16
1058400, 0.3, 43200, 8e+12, 8e+16, 6.39550368551e+16, 8e+16, 6.38834172879e+16, 8e+16, 6.90871169959e+16
1062000, 0.3, 43200, 8e+12, 8e+16, 7.1887157202e+16, 8e+16, 5.51581155191e+16, 8e+16, 7.07423122106e+16
1065600, 0.3, 43200, 8e+12, 8e+16, 8e+16, 8e+16, 6.2542495631e+16, 8e+16, 5.62739527742e+16
1069200, 0.3, 43200, 8e+12, 8e+16, 5.31442267165e+16, 8e+16, 6.63431707375e+16, 8e+16, 8e+16
1072800, 0.3, 43200, 8e+12, 8e+16, 6.45804576781e+16, 8e+16, 5.53290693513e+16, 8e+16, 8e+16
1076400, 0.3, 43200, 8e+12, 8e+16, 6.05950216616e+16, 8e+16, 6.02072423362e+16, 8e+16, 8e+16
1080000, 0.3, 43200, 8e+12, 8e+16, 6.35035099665e+16, 8e+16, 7.3445451771e+16, 8e+16, 6.50413075053e+16
1083600, 0.3, 43200, 8e+12, 8e+16, 7.17322039115e+16, 8e+16, 8e+16, 8e+16, 5.09465720776e+16
1087200, 0.3, 43200, 8e+12, 8e+16, 8e+16, 8e+16, 6.04051882496e+16, 8e+16, 6.23999293988e+16
1090800, 0.3, 43200, 8e+12, 8e+16, 4.34066492448e+16, 8e+16, 8e+16, 8e+16, 8e+16
1094400, 0.3, 43200, 8e+12, 8e+16, 8e+16, 8e+16, 5.868351546e+16, 8e+16, 6.58532955422e+16
1098000, 0.3, 43200, 8e+12, 8e+16, 8e+16, 8e+16, 4.60329378641e+16, 8e+16, 8e+16
1101600, 0.3, 43200, 8e+12, 8e+16, 6.53923191873e+16, 8e+16, 6.03601151112e+16, 8e+16, 8e+16
1105200, 0.3, 43200, 8e+12, 8e+16, 8e+16, 8e+16, 6.07806924036e+16, 8e+16, 6.57106009408e+16
1108800, 0.3, 43200, 8e+12, 8e+16, 8e+16, 8e+16, 8e+16, 8e+16, 4.71756829006e+16
1112400, 0.3, 43200, 8e+12, 8e+16, 8e+16, 8e+16, 5.93509774533e+16, 8e+16, 6.86578547187e+16
1116000, 0.3, 43200, 8e+12, 8e+16, 8e+16, 8e+16, 6.21199492449e+16, 8e+16, 6.67775341285e+16
1119600, 0.3, 43200, 8e+12, 8e+16, 8e+16, 8e+16, 8e+16, 8e+16, 4.9171768392e+16
1123200, 0.3, 43200, 8e+12, 8e+16, 8e+16, 8e+16, 6.39807142848e+16, 8e+16, 6.58292830041e+16
1126800, 0.3, 43200, 8e+12, 8e+16, 8e+16, 8e+16, 5.05003712353e+16, 8e+16, 8e+16
1130400, 0.3, 43200, 8e+12, 8e+16, 6.65678147198e+16, 8e+16, 6.47892855749e+16, 8e+16, 8e+16
1134000, 0.3, 43200, 8e+12, 8e+16, 8e+16, 8e+16, 6.65709865481e+16, 8e+16, 6.53369781407e+16
1137600, 0.3, 43200, 8e+12, 8e+16, 5.26278859616e+16, 8e+16, 8e+16, 8e+16, 8e+16
1141200, 0.3, 43200, 8e+12, 8e+16, 8e+16, 8e+16, 7.78390971548e+16, 8e+16, 5.55184539844e+16
1144800, 0.3, 43200, 8e+12, 8e+16, 8e+16, 8e+16, 5.41509491783e+16, 8e+16, 8e+16
1148400, 0.3, 43200, 8e+12, 8e+16, 7.81987337151e+16, 8e+16, 6.3286574419e+16, 8e+16, 7.39350889224e+16
1152000, 0.3, 43200, 8e+12, 8e+16, 8e+16, 8e+16, 5.77431835852e+16, 8e+16, 7.79761329587e+16
1155600, 0.3, 43200, 8e+12, 8e+16, 8e+16, 8e+16, 7.33255664291e+16, 8e+16, 6.35273336097e+16
1159200, 0.3, 43200, 8e+12, 8e+16, 8e+16, 8e+16, 7.32526966929e+16, 8e+16, 6.43552565861e+16
1162800, 0.3, 43200, 8e+12, 8e+16, 8e+16, 8e+16, 6.67935053586e+16, 8e+16, 7.17722324663e+16
1166400, 0.3, 43200, 8e+12, 8e+16, 7.18315798712e+16, 8e+16, 8e+16, 8e+16, 6.64975974331e+16
1170000, 0.3, 43200, 8e+12, 8e+16, 7.67575349265e+16, 8e+16, 6.26343443341e+16, 8e+16, 8e+16
1173600, 0.3, 43200, 8e+12, 8e+16, 5.97496060845e+16, 8e+16, 8e+16, 8e+16, 8e+16
1177200, 0.3, 43200, 8e+12, 8e+16, 6.10152043686e+16, 8e+16, 7.9517845054e+16, 8e+16, 8e+16
1180800, 0.3, 43200, 8e+12, 8e+16, 6.14559132906e+16, 8e+16, 8e+16, 8e+16, 8e+16
1184400, 0.3, 43200, 8e+12, 8e+16, 8e+16, 8e+16, 6.21836359326e+16, 8e+16, 8e+16
1188000, 0.3, 43200, 8e+12, 8e+16, 8e+16, 8e+16, 6.52852471735e+16, 8e+16, 7.76476201383e+16
1191600, 0.3, 43200, 8e+12, 8e+16, 6.37058728568e+16, 8e+16, 8e+16, 8e+16, 8e+16
1195200, 0.3, 43200, 8e+12, 8e+16, 8e+16, 8e+16, 6.40510191038e+16, 8e+16, 8e+16
1198800, 0.3, 43200, 8e+12, 8e+16, 6.49139293512e+16, 8e+16, 8e+16, 8e+16, 8e+16
1202400, 0.3, 43200, 8e+12, 8e+16, 7.4721086147e+16, 8e+16, 8e+16, 8e+16, 7.10530845491e+16
1206000, 0.3, 43200, 8e+12, 8e+16, 7.75141598127e+16, 8e+16, 6.86665737363e+16, 8e+16, 8e+16
1209600, 0.3, 43200, 8e+12, 8e+16, 7.52476683309e+16, 8e+16, 7.16424107086e+16, 8e+16, 8e+16
1213200, 0.3, 43200, 8e+12, 8e+16, 8e+16, 8e+16, 8e+16, 8e+16, 6.76164134584e+16
1216800, 0.3, 43200, 8e+12, 8e+16, 7.80115981295e+16, 8e+16, 7.03024803634e+16, 8e+16, 8e+16
1220400, 0.3, 43200, 8e+12, 8e+16, 8e+16, 8e+16, 7.64691048943e+16, 8e+16, 7.32635695795e+16
1224000, 0.3, 43200, 8e+12, 8e+16, 6.97311008161e+16, 8e+16, 8e+16, 8e+16, 8e+16
1227600, 0.3, 43200, 8e+12, 8e+16, 8e+16, 8e+16, 7.30017684356e+16, 8e+16, 7.74510542654e+16
1231200, 0.3, 43200, 8e+12, 8e+16, 8e+16, 8e+16, 8e+16, 8e+16, 7.11927787466e+16
1234800, 0.3, 43200, 8e+12, 8e+16, 7.28412609503e+16, 8e+16, 8e+16, 8e+16, 7.90961273277e+16
1238400, 0.3, 43200, 8e+12, 8e+16, 8e+16, 8e+16, 7.2668509675e+16, 8e+16, 8e+16
1242000, 0.3, 43200, 8e+12, 8e+16, 8e+16, 8e+16, 7.33406103853e+16, 8e+16, 8e+16
1245600, 0.3, 43200, 8e+12, 8e+16, 8e+16, 8e+16, 7.40107104191e+16, 8e+16, 8e+16
1249200, 0.3, 43200, 8e+12, 8e+16, 8e+16, 8e+16, 7.87034801047e+16, 8e+16, 7.60490052437e+16
1252800, 0.3, 43200, 8e+12, 8e+16, 7.71241325418e+16, 8e+16, 8e+16, 8e+16, 7.83679140768e+16
1256400, 0.3, 43200, 8e+12, 8e+16, 8e+16, 8e+16, 7.61511632362e+16, 8e+16, 8e+16
1260000, 0.3, 43200, 8e+12, 8e+16, 8e+16, 8e+16, 8e+16, 8e+16, 7.68622219378e+16
1263600, 0.3, 43200, 8e+12, 8e+16, 7.75780250407e+16, 8e+16, 8e+16, 8e+16, 8e+16
1267200, 0.3, 43200, 8e+12, 8e+16, 8e+16, 8e+16, 8e+16, 8e+16, 7.82886253919e+16
1270800, 0.3, 43200, 8e+12, 8e+16, 8e+16, 8e+16, 7.9003357418e+16, 8e+16, 8e+16
1274400, 0.3, 43200, 8e+12, 8e+16, 8e+16, 8e+16, 7.97208077172e+16, 8e+16, 8e+16
1278000, 0.3, 43200, 8e+12, 8e+16, 8e+16, 8e+16, 8e+16, 8e+16, 8e+16
1281600, 0.3, 43200, 8e+12, 8e+16, 8e+16, 8e+16, 8e+16, 8e+16, 8e+16
1285200, 0.3, 43200, 8e+12, 8e+16, 8e+16, 8e+16, 8e+16, 8e+16, 8e+16
1288800, 0.3, 43200, 8e+12, 8e+16, 8e+16, 8e+16, 8e+16, 8e+16, 8e+16
1292400, 0.3, 43200, 8e+12, 8e+16, 8e+16, 8e+16, 8e+16, 8e+16, 8e+16
1296000, 0.3, 43200, 8e+12, 8e+16, 8e+16, 8e+16, 8e+16, 8e+16, 8e+16
1299600, 0.3, 43200, 8e+12, 8e+16, 8e+16, 8e+16, 8e+16, 8e+16, 8e+16
1303200, 0.3, 43200, 8e+12, 8e+16, 8e+16, 8e+16, 8e+16, 8e+16, 8e+16
1306800, 0.3, 43200, 8e+12, 8e+16, 8e+16, 8e+16, 8e+16, 8e+16, 8e+16
1310400, 0.3, 43200, 8e+12, 8e+16, 8e+16, 8e+16, 8e+16, 8e+16, 8e+16
1314000, 0.3, 43200, 8e+12, 8e+16, 8e+16, 8e+16, 8e+16, 8e+16, 8e+16
1317600, 0.3, 43200, 8e+12, 8e+16, 8e+16, 8e+16, 8e+16, 8e+16, 8e+16
1321200, 0.3, 43200, 8e+12, 8e+16, 8e+16, 8e+16, 8e+16, 8e+16, 8e+16
1324800, 0.3, 43200, 8e+12, 8e+16, 8e+16, 8e+16, 8e+16, 8e+16, 8e+16
1328400, 0.3, 43200, 8e+12, 8e+16, 8e+16, 8e+16, 8e+16, 8e+16, 8e+16
1332000, 0.3, 43200, 8e+12, 8e+16, 8e+16, 8e+16, 8e+16, 8e+16, 8e+16
1335600, 0.3, 43200, 8e+12, 8e+16, 8e+16, 8e+16, 8e+16, 8e+16, 8e+16
1339200, 0.3, 43200, 8e+12, 8e+16, 8e+16, 8e+16, 8e+16, 8e+16, 8e+16
1342800, 0.3, 43200, 8e+12, 8e+16, 8e+16, 8e+16, 8e+16, 8e+16, 8e+16
1346400, 0.3, 43200, 8e+12, 8e+16, 8e+16, 8e+16, 8e+16, 8e+16, 8e+16
1350000, 0.3, 43200, 8e+12, 8e+16, 8e+16, 8e+16, 8e+16, 8e+16, 8e+16
1353600, 0.3, 43200, 8e+12, 8e+16, 8e+16, 8e+16, 8e+16, 8e+16, 8e+16
1357200, 0.3, 43200, 8e+12, 8e+16, 8e+16, 8e+16, 8e+16, 8e+16, 8e+16
1360800, 0.3, 43200, 8e+12, 8e+16, 8e+16, 8e+16, 8e+16, 8e+16, 8e+16
1364400, 0.3, 43200, 8e+12, 8e+16, 8e+16, 8e+16, 8e+16, 8e+16, 8e+16
1368000, 0.3, 43200, 8e+12, 8e+16, 8e+16, 8e+16, 8e+16, 8e+16, 8e+16
1371600, 0.3, 43200, 8e+12, 8e+16, 8e+16, 8e+16, 8e+16, 8e+16, 8e+16
1375200, 0.3, 43200, 8e+12, 8e+16, 8e+16, 8e+16, 8e+16, 8e+16, 8e+16
1378800, 0.3, 43200, 8e+12, 8e+16, 8e+16, 8e+16, 8e+16, 8e+16, 8e+16
1382400, 0.3, 43200, 8e+12, 8e+16, 8e+16, 8e+16, 8e+16, 8e+16, 8e+16
1386000, 0.3, 43200, 8e+12, 8e+16, 8e+16, 8e+16, 8e+16, 8e+16, 8e+16
1389600, 0.3, 43200, 8e+12, 8e+16, 8e+16, 8e+16, 8e+16, 8e+16, 8e+16
1393200, 0.3, 43200, 8e+12, 8e+16, 8e+16, 8e+16, 8e+16, 8e+16, 8e+16
1396800, 0.3, 43200, 8e+12, 8e+16, 8e+16, 8e+16, 8e+16, 8e+16, 8e+16
1400400, 0.3, 43200, 8e+12, 8e+16, 8e+16, 8e+16, 8e+16, 8e+16, 8e+16
1404000, 0.3, 43200, 8e+12, 8e+16, 8e+16, 8e+16, 8e+16, 8e+16, 8e+16
1407600, 0.3, 43200, 8e+12, 8e+16, 8e+16, 8e+16, 8e+16, 8e+16, 8e+16
1411200, 0.3, 43200, 8e+12, 8e+16, 8e+16, 8e+16, 8e+16, 8e+16, 8e+16
1414800, 0.3, 43200, 8e+12, 8e+16, 8e+16, 8e+16, 8e+16, 8e+16, 8e+16
1418400, 0.3, 43200, 8e+12, 8e+16, 8e+16, 8e+16, 8e+16, 8e+16, 8e+16
1422000, 0.3, 43200, 8e+12, 8e+16, 8e+16, 8e+16, 8e+16, 8e+16, 8e+16
1425600, 0.3, 43200, 8e+12, 8e+16, 8e+16, 8e+16, 8e+16, 8e+16, 8e+16
1429200, 0.3, 43200, 8e+12, 8e+16, 8e+16, 8e+16, 8e+16, 8e+16, 8e+16
1432800, 0.3, 43200, 8e+12, 8e+16, 8e+16, 8e+16, 8e+16, 8e+16, 8e+16
1436400, 0.3, 43200, 8e+12, 8e+16, 8e+16, 8e+16, 8e+16, 8e+16, 8e+16
1440000, 0.3, 43200, 8e+12, 8e+16, 8e+16, 8e+16, 8e+16, 8e+16, 8e+16
1443600, 0.3, 43200, 8e+12, 8e+16, 8e+16, 8e+16, 8e+16, 8e+16, 8e+16
1447200, 0.3, 43200, 8e+12, 8e+16, 8e+16, 8e+16, 8e+16, 8e+16, 8e+16
1450800, 0.3, 43200, 8e+12, 8e+16, 8e+16, 8e+16, 8e+16, 8e+16, 8e+16
1454400, 0.3, 43200, 8e+12, 8e+16, 8e+16, 8e+16, 8e+16, 8e+16, 8e+16
1458000, 0.3, 43200, 8e+12, 8e+16, 8e+16, 8e+16, 8e+16, 8e+16, 8e+16
1461600, 0.3, 43200, 8e+12, 8e+16, 8e+16, 8e+16, 8e+16, 8e+16, 8e+16
1465200, 0.3, 43200, 8e+12, 8e+16, 8e+16, 8e+16, 8e+16, 8e+16, 8e+16
1468800, 0.3, 43200, 8e+12, 8e+16, 8e+16, 8e+16, 8e+16, 8e+16, 8e+16
1472400, 0.3, 43200, 8e+12, 8e+16, 8e+16, 8e+16, 8e+16, 8e+16, 8e+16
1476000, 0.3, 43200, 8e+12, 8e+16, 8e+16, 8e+16, 8e+16, 8e+16, 8e+16
1479600, 0.3, 43200, 8e+12, 8e+16, 8e+16, 8e+16, 8e+16, 8e+16, 8e+16
1483200, 0.3, 43200, 8e+12, 8e+16, 8e+16, 8e+16, 8e+16, 8e+16, 8e+16
1486800, 0.3, 43200, 8e+12, 8e+16, 8e+16, 8e+16, 8e+16, 8e+16, 8e+16
1490400, 0.3, 43200, 8e+12, 8e+16, 8e+16, 8e+16, 8e+16, 8e+16, 8e+16
1494000, 0.3, 43200, 8e+12, 8e+16, 8e+16, 8e+16, 8e+16, 8e+16, 8e+16
1497600, 0.3, 43200, 8e+12, 8e+16, 8e+16, 8e+16, 8e+16, 8e+16, 8e+16
1501200, 0.3, 43200, 8e+12, 8e+16, 8e+16, 8e+16, 8e+16, 8e+16, 8e+16
1504800, 0.3, 43200, 8e+12, 8e+16, 8e+16, 8e+16, 8e+16, 8e+16, 8e+16
1508400, 0.3, 43200, 8e+12, 8e+16, 8e+16, 8e+16, 8e+16, 8e+16, 8e+16
1512000, 0.3, 43200, 8e+12, 8e+16, 8e+16, 8e+16, 8e+16, 8e+16, 8e+16
1515600, 0.3, 43200, 8e+12, 8e+16, 8e+16, 8e+16, 8e+16, 8e+16, 8e+16
1519200, 0.3, 43200, 8e+12, 8e+16, 8e+16, 8e+16, 8e+16, 8e+16, 8e+16
1522800, 0.3, 43200, 8e+12, 8e+16, 8e+16, 8e+16, 8e+16, 8e+16, 8e+16
1526400, 0.3, 43200, 8e+12, 8e+16, 8e+16, 8e+16, 8e+16, 8e+16, 8e+16
1530000, 0.3, 43200, 8e+12, 8e+16, 8e+16, 8e+16, 8e+16, 8e+16, 8e+16
1533600, 0.3, 43200, 8e+12, 8e+16, 8e+16, 8e+16, 8e+16, 8e+16, 8e+16
1537200, 0.3, 43200, 8e+12, 8e+16, 8e+16, 8e+16, 8e+16, 8e+16, 8e+16
1540800, 0.3, 43200, 8e+12, 8e+16, 8e+16, 8e+16, 8e+16, 8e+16, 8e+16
1544400, 0.3, 43200, 8e+12, 8e+16, 8e+16, 8e+16, 8e+16, 8e+16, 8e+16
1548000, 0.3, 43200, 8e+12, 8e+16, 8e+16, 8e+16, 8e+16, 8e+16, 8e+16
1551600, 0.3, 43200, 8e+12, 8e+16, 8e+16, 8e+16, 8e+16, 8e+16, 8e+16
1555200, 0.3, 43200, 8e+12, 8e+16, 8e+16, 8e+16, 8e+16, 8e+16, 8e+16
1558800, 0.3, 43200, 8e+12, 8e+16, 8e+16, 8e+16, 8e+16, 8e+16, 8e+16
1562400, 0.3, 43200, 8e+12, 8e+16, 8e+16, 8e+16, 8e+16, 8e+16, 8e+16
1566000, 0.3, 43200, 8e+12, 8e+16, 8e+16, 8e+16, 8e+16, 8e+16, 8e+16
1569600, 0.3, 43200, 8e+12, 8e+16, 8e+16, 8e+16, 8e+16, 8e+16, 8e+16
1573200, 0.3, 43200, 8e+12, 8e+16, 8e+16, 8e+16, 8e+16, 8e+16, 8e+16
1576800, 0.3, 43200, 8e+12, 8e+16, 8e+16, 8e+16, 8e+16, 8e+16, 8e+16
1580400, 0.3, 43200, 8e+12, 8e+16, 8e+16, 8e+16, 8e+16, 8e+16, 8e+16
1584000, 0.3, 43200, 8e+12, 8e+16, 8e+16, 8e+16, 8e+16, 8e+16, 8e+16
1587600, 0.3, 43200, 8e+12, 8e+16, 8e+16, 8e+16, 8e+16, 8e+16, 8e+16
1591200, 0.3, 43200, 8e+12, 8e+16, 8e+16, 8e+16, 8e+16, 8e+16, 8e+16
1594800, 0.3, 43200, 8e+12, 8e+16, 8e+16, 8e+16, 8e+16, 8e+16, 8e+16
1598400, 0.3, 43200, 8e+12, 8e+16, 8e+16, 8e+16, 8e+16, 8e+16, 8e+16
1602000, 0.3, 43200, 8e+12, 8e+16, 8e+16, 8e+16, 8e+16, 8e+16, 8e+16
1605600, 0.3, 43200, 8e+12, 8e+16, 8e+16, 8e+16, 8e+16, 8e+16, 8e+16
1609200, 0.3, 43200, 8e+12, 8e+16, 8e+16, 8e+16, 8e+16, 8e+16, 8e+16
1612800, 0.3, 43200, 8e+12, 8e+16, 8e+16, 8e+16, 8e+16, 8e+16, 8e+16
1616400, 0.3, 43200, 8e+12, 8e+16, 8e+16, 8e+16, 8e+16, 8e+16, 8e+16
1620000, 0.3, 43200, 8e+12, 8e+16, 8e+16, 8e+16, 8e+16, 8e+16, 8e+16
1623600, 0.3, 43200, 8e+12, 8e+16, 8e+16, 8e+16, 8e+16, 8e+16, 8e+16
1627200, 0.3, 43200, 8e+12, 8e+16, 8e+16, 8e+16, 8e+16, 8e+16, 8e+16
1630800, 0.3, 43200, 8e+12, 8e+16, 8e+16, 8e+16, 8e+16, 8e+16, 8e+16
1634400, 0.3, 43200, 8e+12, 8e+16, 8e+16, 8e+16, 8e+16, 8e+16, 8e+16
1638000, 0.3, 43200, 8e+12, 8e+16, 8e+16, 8e+16, 8e+16, 8e+16, 8e+16
1641600, 0.3, 43200, 8e+12, 8e+16, 8e+16, 8e+16, 8e+16, 8e+16, 8e+16
1645200, 0.3, 43200, 8e+12, 8e+16, 8e+16, 8e+16, 8e+16, 8e+16, 8e+16
1648800, 0.3, 43200, 8e+12, 8e+16, 8e+16, 8e+16, 8e+16, 8e+16, 8e+16
1652400, 0.3, 43200, 8e+12, 8e+16, 8e+16, 8e+16, 8e+16, 8e+16, 8e+16
1656000, 0.3, 43200, 8e+12, 8e+16, 8e+16, 8e+16, 8e+16, 8e+16, 8e+16
1659600, 0.3, 43200, 8e+12, 8e+16, 8e+16, 8e+16, 8e+16, 8e+16, 8e+16
1663200, 0.3, 43200, 8e+12, 8e+16, 8e+16, 8e+16, 8e+16, 8e+16, 8e+16
1666800, 0.3, 43200, 8e+12, 8e+16, 8e+16, 8e+16, 8e+16, 8e+16, 8e+16
1670400, 0.3, 43200, 8e+12, 8e+16, 8e+16, 8e+16, 8e+16, 8e+16, 8e+16
1674000, 0.3, 43200, 8e+12, 8e+16, 8e+16, 8e+16, 8e+16, 8e+16, 8e+16
1677600, 0.3, 43200, 8e+12, 8e+16, 8e+16, 8e+16, 8e+16, 8e+16, 8e+16
1681200, 0.3, 43200, 8e+12, 8e+16, 8e+16, 8e+16, 8e+16, 8e+16, 8e+16
1684800, 0.3, 43200, 8e+12, 8e+16, 8e+16, 8e+16, 8e+16, 8e+16, 8e+16
1688400, 0.3, 43200, 8e+12, 8e+16, 8e+16, 8e+16, 8e+16, 8e+16, 8e+16
1692000, 0.3, 43200, 8e+12, 8e+16, 8e+16, 8e+16, 8e+16, 8e+16, 8e+16
1695600, 0.3, 43200, 8e+12, 8e+16, 8e+16, 8e+16, 8e+16, 8e+16, 8e+16
1699200, 0.3, 43200, 8e+12, 8e+16, 8e+16, 8e+16, 8e+16, 8e+16, 8e+16
1702800, 0.3, 43200, 8e+12, 8e+16, 8e+16, 8e+16, 8e+16, 8e+16, 8e+16
1706400, 0.3, 43200, 8e+12, 8e+16, 8e+16, 8e+16, 8e+16, 8e+16, 8e+16
1710000, 0.3, 43200, 8e+12, 8e+16, 8e+16, 8e+16, 8e+16, 8e+16, 8e+16
1713600, 0.3, 43200, 8e+12, 8e+16, 8e+16, 8e+16, 8e+16, 8e+16, 8e+16
1717200, 0.3, 43200, 8e+12, 8e+16, 8e+16, 8e+16, 8e+16, 8e+16, 8e+16
1720800, 0.3, 43200, 8e+12, 8e+16, 8e+16, 8e+16, 8e+16, 8e+16, 8e+16
1724400, 0.3, 43200, 8e+12, 8e+16, 8e+16, 8e+16, 8e+16, 8e+16, 8e+16
