dup,  28800,  0.01,  1000.0,  1.47,  3407860538.05,  7.77043071129,  14,  8.85188406663,  10,  2.02325086869,  2,  2.99684739639
dup,  32400,  0.01,  1000.0,  1.17,  99040753.9804,  7.06687255087,  12,  12.2614733363,  13,  5.10333344241,  3,  3.01990305015
dup,  36000,  0.01,  1000.0,  0.89,  3410618.46675,  9.22453844765,  13,  15.9459820406,  15,  6.98288831037,  3,  3.8084678828
dup,  39600,  0.01,  1000.0,  1.46,  7344853117.67,  7.92689474946,  12,  17.4975051079,  14,  12.4033830183,  8,  3.90989641405
dup,  43200,  0.01,  1000.0,  1.1,  79960765.1443,  10.6805040475,  13,  20.6185510614,  14,  14.9444663304,  8,  4.07078193874
dup,  46800,  0.01,  1000.0,  0.92,  8934800.76966,  12.3995695225,  13,  24.0775422096,  16,  17.8148308705,  8,  4.77169495703
dup,  50400,  0.01,  1000.0,  0.73,  858055.486236,  14.7810978496,  12,  27.0689705631,  16,  20.6851954106,  8,  5.0177769428
dup,  54000,  0.01,  1000.0,  0.68,  505035.99572,  16.7570823733,  12,  30.3954757349,  16,  23.5555599507,  8,  5.56785934121
dup,  57600,  0.01,  1000.0,  0.63,  293268.643562,  18.733066897,  12,  33.7219809067,  16,  26.4259244909,  8,  6.11991321992
dup,  61200,  0.01,  1000.0,  0.5,  59251.086487,  20.7090514206,  12,  37.0484860785,  16,  29.296289031,  8,  6.67344933115
dup,  64800,  0.01,  1000.0,  0.52,  84181.4421545,  22.6850359443,  12,  38.7816681895,  14,  33.5169301222,  10,  6.70115220638
dup,  68400,  0.01,  1000.0,  0.47,  47580.7891026,  24.6610204679,  12,  41.9394692309,  14,  36.5559987927,  10,  7.21893386219
dup,  72000,  0.01,  1000.0,  0.42,  26723.5200109,  26.6370049916,  12,  45.0972702723,  14,  39.5950674632,  10,  7.73855436547
dup,  75600,  0.01,  1000.0,  0.41,  25175.8744897,  28.6129895152,  12,  48.2550713137,  14,  42.6341361337,  10,  8.25966667455
dup,  79200,  0.01,  1000.0,  0.36,  13996.0095008,  30.5889740389,  12,  51.4128723551,  14,  45.6732048042,  10,  8.78200522824
dup,  82800,  0.01,  1000.0,  0.33,  10062.556094,  32.5649585626,  12,  54.5706733965,  14,  48.7122734747,  10,  9.30536353024
dup,  86400,  0.01,  1000.0,  0.32,  9361.9206941,  34.5409430862,  12,  57.7284744379,  14,  51.7513421452,  10,  9.82957869788
dup,  90000,  0.01,  1000.0,  0.32,  9894.51741879,  36.5169276099,  12,  60.8862754793,  14,  54.7904108157,  10,  10.3545205912
dup,  93600,  0.01,  1000.0,  0.28,  6180.10773297,  38.4929121335,  12,  64.0440765207,  14,  57.8294794862,  10,  10.8800840215
dup,  97200,  0.01,  1000.0,  0.28,  6495.98785049,  40.4688966572,  12,  67.2018775621,  14,  60.8685481567,  10,  11.4061830733
dup,  100800,  0.01,  1000.0,  0.26,  5243.65432246,  42.4448811809,  12,  70.3596786035,  14,  63.9076168272,  10,  11.9327469025
dup,  104400,  0.01,  1000.0,  0.26,  5486.92924866,  44.4208657045,  12,  73.5174796449,  14,  66.9466854978,  10,  12.4597165827
dup,  108000,  0.01,  1000.0,  0.24,  4410.62472761,  46.3968502282,  12,  76.6752806864,  14,  69.9857541683,  10,  12.9870427099
dup,  111600,  0.01,  1000.0,  0.21,  3104.11260774,  48.3728347518,  12,  79.8330817278,  14,  73.0248228388,  10,  13.5146835599
dup,  115200,  0.01,  1000.0,  0.21,  3230.75334195,  50.3488192755,  12,  82.9908827692,  14,  76.0638915093,  10,  14.0426036563
dup,  118800,  0.01,  1000.0,  0.21,  3357.39407615,  52.3248037992,  12,  86.1486838106,  14,  79.1029601798,  10,  14.5707726465
dup,  122400,  0.01,  1000.0,  0.21,  3484.03481035,  54.3007883228,  12,  89.306484852,  14,  82.1420288503,  10,  15.0991644118
dup,  126000,  0.01,  1000.0,  0.19,  2778.25751402,  56.2767728465,  12,  92.4642858934,  14,  85.1810975208,  10,  15.6277563552
dup,  129600,  0.01,  1000.0,  0.19,  2875.79672331,  58.2527573701,  12,  95.6220869348,  14,  88.2201661913,  10,  16.1565288291
dup,  133200,  0.01,  1000.0,  0.17,  2287.39250465,  60.2287418938,  12,  98.7798879762,  14,  91.2592348618,  10,  16.6854646703
dup,  136800,  0.01,  1000.0,  0.16,  2071.95064345,  62.2047264174,  12,  101.937689018,  14,  94.2983035323,  10,  17.2145488197
dup,  140400,  0.01,  1000.0,  0.16,  2137.88388733,  64.1807109411,  12,  105.095490059,  14,  97.3373722028,  10,  17.7437680107
dup,  144000,  0.01,  1000.0,  0.15,  1932.67378085,  66.1566954648,  12,  108.2532911,  14,  100.376440873,  10,  18.2731105101
dup,  147600,  0.01,  1000.0,  0.15,  1990.5389529,  68.1326799884,  12,  111.411092142,  14,  103.415509544,  10,  18.8025659036
dup,  151200,  0.01,  1000.0,  0.16,  2335.68361896,  70.1086645121,  12,  114.568893183,  14,  106.454578214,  10,  19.3321249156
dup,  154800,  0.01,  1000.0,  0.14,  1847.06733821,  72.0846490357,  12,  117.726694225,  14,  109.493646885,  10,  19.8617792579
dup,  158400,  0.01,  1000.0,  0.14,  1897.85196388,  74.0606335594,  12,  120.884495266,  14,  112.532715555,  10,  20.3915215022
dup,  162000,  0.01,  1000.0,  0.14,  1948.63658954,  76.0366180831,  12,  124.042296307,  14,  115.571784226,  10,  20.9213449712
dup,  165600,  0.01,  1000.0,  0.13,  1753.29833038,  78.0126026067,  12,  127.200097349,  14,  118.610852896,  10,  21.4512436465
dup,  169200,  0.01,  1000.0,  0.14,  2050.20584088,  79.9885871304,  12,  130.35789839,  14,  121.649921567,  10,  21.9812120892
dup,  172800,  0.01,  1000.0,  0.14,  2100.99046655,  81.964571654,  12,  133.515699432,  14,  124.688990237,  10,  22.5112453716
dup,  176400,  0.01,  1000.0,  0.14,  2151.77509221,  83.9405561777,  12,  136.673500473,  14,  127.728058908,  10,  23.0413390192
dup,  180000,  0.01,  1000.0,  0.12,  1693.76410428,  85.9165407014,  12,  139.831301514,  14,  130.767127578,  10,  23.5714889595
dup,  183600,  0.01,  1000.0,  0.12,  1732.88140472,  87.892525225,  12,  142.989102556,  14,  133.806196249,  10,  24.1016914775
dup,  187200,  0.01,  1000.0,  0.13,  2020.72253626,  89.8685097487,  12,  146.146903597,  14,  136.845264919,  10,  24.6319431783
dup,  190800,  0.01,  1000.0,  0.11,  1588.043324,  91.8444942723,  12,  149.304704639,  14,  139.88433359,  10,  25.1622409524
dup,  194400,  0.01,  1000.0,  0.12,  1850.23330607,  93.820478796,  12,  152.46250568,  14,  142.92340226,  10,  25.6925819469
dup,  198000,  0.01,  1000.0,  0.11,  1656.70596211,  95.7964633196,  12,  155.620306721,  14,  145.962470931,  10,  26.2229635396
dup,  201600,  0.01,  1000.0,  0.12,  1928.46790696,  97.7724478433,  12,  158.778107763,  14,  149.001539601,  10,  26.7533833158
dup,  205200,  0.01,  1000.0,  0.1,  1512.79204779,  99.748432367,  12,  161.935908804,  14,  152.040608272,  10,  27.2838390488
dup,  208800,  0.01,  1000.0,  0.1,  1542.92310066,  101.724416891,  12,  165.093709846,  14,  155.079676942,  10,  27.8143286811
dup,  212400,  0.01,  1000.0,  0.11,  1794.03123832,  103.700401414,  12,  168.251510887,  14,  158.118745613,  10,  28.3448503095
dup,  216000,  0.01,  1000.0,  0.1,  1603.18520638,  105.676385938,  12,  171.409311928,  14,  161.157814284,  10,  28.8754021704
dup,  219600,  0.01,  1000.0,  0.11,  1862.69387643,  107.652370462,  12,  174.56711297,  14,  164.196882954,  10,  29.4059826274
dup,  223200,  0.01,  1000.0,  0.09,  1458.45156958,  109.628354985,  12,  177.724914011,  14,  167.235951625,  10,  29.93659016
dup,  226800,  0.01,  1000.0,  0.09,  1484.89637213,  111.604339509,  12,  180.882715053,  14,  170.275020295,  10,  30.4672233537
dup,  230400,  0.01,  1000.0,  0.09,  1511.34117467,  113.580324033,  12,  184.040516094,  14,  173.314088966,  10,  30.9978808906
dup,  234000,  0.01,  1000.0,  0.1,  1753.8404707,  115.556308556,  12,  187.198317135,  14,  176.353157636,  10,  31.5285615415
dup,  237600,  0.01,  1000.0,  0.09,  1564.23077977,  117.53229308,  12,  190.356118177,  14,  179.392226307,  10,  32.0592641586
dup,  241200,  0.01,  1000.0,  0.1,  1814.10257643,  119.508277604,  12,  193.513919218,  14,  182.431294977,  10,  32.5899876688
dup,  244800,  0.01,  1000.0,  0.09,  1617.12038487,  121.484262127,  12,  196.67172026,  14,  185.470363648,  10,  33.1207310677
dup,  248400,  0.01,  1000.0,  0.09,  1643.56518742,  123.460246651,  12,  199.829521301,  14,  188.509432318,  10,  33.6514934144
dup,  252000,  0.01,  1000.0,  0.08,  1464.21674541,  125.436231175,  12,  202.987322343,  14,  191.548500989,  10,  34.1822738261
dup,  255600,  0.01,  1000.0,  0.08,  1487.42639342,  127.412215698,  12,  206.145123384,  14,  194.587569659,  10,  34.7130714741
dup,  259200,  0.01,  1000.0,  0.08,  1510.63604143,  129.388200222,  12,  209.302924425,  14,  197.62663833,  10,  35.2438855799
dup,  262800,  0.01,  1000.0,  0.09,  1749.34439761,  131.364184746,  12,  212.460725467,  14,  200.665707,  10,  35.7747154106
dup,  266400,  0.01,  1000.0,  0.08,  1557.05533745,  133.340169269,  12,  215.618526508,  14,  203.704775671,  10,  36.3055602766
dup,  270000,  0.01,  1000.0,  0.08,  1580.26498546,  135.316153793,  12,  218.77632755,  14,  206.743844341,  10,  36.8364195279
dup,  273600,  0.01,  1000.0,  0.08,  1603.47463347,  137.292138316,  12,  221.934128591,  14,  209.782913012,  10,  37.3672925514
dup,  277200,  0.01,  1000.0,  0.08,  1626.68428148,  139.26812284,  12,  225.091929632,  14,  212.821981682,  10,  37.8981787683
dup,  280800,  0.01,  1000.0,  0.08,  1649.89392949,  141.244107364,  12,  228.249730674,  14,  215.861050353,  10,  38.4290776318
dup,  284400,  0.01,  1000.0,  0.08,  1673.1035775,  143.220091887,  12,  231.407531715,  14,  218.900119023,  10,  38.9599886249
dup,  288000,  0.01,  1000.0,  0.07,  1487.30790696,  145.196076411,  12,  234.565332757,  14,  221.939187694,  10,  39.4909112585
dup,  291600,  0.01,  1000.0,  0.08,  1719.52287353,  147.172060935,  12,  237.723133798,  14,  224.978256364,  10,  40.0218450692
dup,  295200,  0.01,  1000.0,  0.08,  1742.73252154,  149.148045458,  12,  240.880934839,  14,  228.017325035,  10,  40.5527896181
dup,  298800,  0.01,  1000.0,  0.07,  1548.41902635,  151.124029982,  12,  244.038735881,  14,  231.056393705,  10,  41.0837444888
dup,  302400,  0.01,  1000.0,  0.07,  1568.78939948,  153.100014506,  12,  247.196536922,  14,  234.095462376,  10,  41.6147092862
dup,  306000,  0.01,  1000.0,  0.07,  1589.15977261,  155.075999029,  12,  250.354337964,  14,  237.134531046,  10,  42.1456836352
dup,  309600,  0.01,  1000.0,  0.07,  1609.53014575,  157.051983553,  12,  253.512139005,  14,  240.173599717,  10,  42.6766671793
dup,  313200,  0.01,  1000.0,  0.07,  1629.90051888,  159.027968077,  12,  256.669940046,  14,  243.212668387,  10,  43.2076595794
dup,  316800,  0.01,  1000.0,  0.07,  1650.27089201,  161.0039526,  12,  259.827741088,  14,  246.251737058,  10,  43.7386605131
dup,  320400,  0.01,  1000.0,  0.07,  1670.64126514,  162.979937124,  12,  262.985542129,  14,  249.290805728,  10,  44.2696696732
dup,  324000,  0.01,  1000.0,  0.07,  1691.01163827,  164.955921648,  12,  266.143343171,  14,  252.329874399,  10,  44.8006867672
dup,  327600,  0.01,  1000.0,  0.07,  1711.3820114,  166.931906171,  12,  269.301144212,  14,  255.368943069,  10,  45.3317115163
dup,  331200,  0.01,  1000.0,  0.06,  1518.41788635,  168.907890695,  12,  272.458945253,  14,  258.40801174,  10,  45.8627436546
dup,  334800,  0.01,  1000.0,  0.07,  1752.12275767,  170.883875219,  12,  275.616746295,  14,  261.44708041,  10,  46.3937829284
dup,  338400,  0.01,  1000.0,  0.06,  1554.17493084,  172.859859742,  12,  278.774547336,  14,  264.486149081,  10,  46.9248290955
dup,  342000,  0.01,  1000.0,  0.06,  1572.05345309,  174.835844266,  12,  281.932348378,  14,  267.525217751,  10,  47.4558819243
dup,  345600,  0.01,  1000.0,  0.06,  1589.93197533,  176.81182879,  12,  285.090149419,  14,  270.564286422,  10,  47.9869411937
dup,  349200,  0.01,  1000.0,  0.06,  1607.81049758,  178.787813313,  12,  288.24795046,  14,  273.603355092,  10,  48.5180066924
dup,  352800,  0.01,  1000.0,  0.06,  1625.68901983,  180.763797837,  12,  291.405751502,  14,  276.642423763,  10,  49.0490782178
dup,  356400,  0.01,  1000.0,  0.06,  1643.56754207,  182.739782361,  12,  294.563552543,  14,  279.681492433,  10,  49.5801555764
dup,  360000,  0.01,  1000.0,  0.06,  1661.44606432,  184.715766884,  12,  297.721353585,  14,  282.720561104,  10,  50.1112385826
dup,  363600,  0.01,  1000.0,  0.06,  1679.32458656,  186.691751408,  12,  300.879154626,  14,  285.759629774,  10,  50.6423270589
dup,  367200,  0.01,  1000.0,  0.06,  1697.20310881,  188.667735932,  12,  304.036955667,  14,  288.798698445,  10,  51.1734208348
dup,  370800,  0.01,  1000.0,  0.06,  1715.08163106,  190.643720455,  12,  307.194756709,  14,  291.837767115,  10,  51.7045197472
dup,  374400,  0.01,  1000.0,  0.06,  1732.9601533,  192.619704979,  12,  310.35255775,  14,  294.876835786,  10,  52.2356236393
dup,  378000,  0.01,  1000.0,  0.06,  1750.83867555,  194.595689503,  12,  313.510358792,  14,  297.915904456,  10,  52.7667323607
dup,  381600,  0.01,  1000.0,  0.06,  1768.7171978,  196.571674026,  12,  316.668159833,  14,  300.954973127,  10,  53.2978457671
dup,  385200,  0.01,  1000.0,  0.06,  1786.59572004,  198.54765855,  12,  319.825960874,  14,  303.994041797,  10,  53.8289637198
dup,  388800,  0.01,  1000.0,  0.05,  1582.25142719,  200.523643074,  12,  322.975093547,  14,  307.033110468,  10,  54.3576338218
dup,  392400,  0.01,  1000.0,  0.05,  1597.94299939,  202.499627597,  12,  326.132894589,  14,  310.072179138,  10,  54.8887613804
dup,  396000,  0.01,  1000.0,  0.05,  1613.6345716,  204.475612121,  12,  329.29069563,  14,  313.111247809,  10,  55.4198930836
dup,  399600,  0.01,  1000.0,  0.05,  1629.3261438,  206.451596645,  12,  332.448496672,  14,  316.150316479,  10,  55.9510288133
dup,  403200,  0.01,  1000.0,  0.05,  1645.01771601,  208.427581168,  12,  335.606297713,  14,  319.18938515,  10,  56.482168456
dup,  406800,  0.01,  1000.0,  0.05,  1660.70928822,  210.403565692,  12,  338.764098755,  14,  322.22845382,  10,  57.0133119022
dup,  410400,  0.01,  1000.0,  0.05,  1676.40086042,  212.379550216,  12,  341.921899796,  14,  325.267522491,  10,  57.5444590466
dup,  414000,  0.01,  1000.0,  0.05,  1692.09243263,  214.355534739,  12,  345.079700837,  14,  328.306591161,  10,  58.0756097878
dup,  417600,  0.01,  1000.0,  0.05,  1707.78400483,  216.331519263,  12,  348.237501879,  14,  331.345659832,  10,  58.606764028
dup,  421200,  0.01,  1000.0,  0.05,  1723.47557704,  218.307503786,  12,  351.39530292,  14,  334.384728502,  10,  59.1379216728
dup,  424800,  0.01,  1000.0,  0.05,  1739.16714924,  220.28348831,  12,  354.553103962,  14,  337.423797173,  10,  59.6690826314
dup,  428400,  0.01,  1000.0,  0.05,  1754.85872145,  222.259472834,  12,  357.710905003,  14,  340.462865843,  10,  60.2002468161
dup,  432000,  0.01,  1000.0,  0.05,  1770.55029366,  224.235457357,  12,  360.868706044,  14,  343.501934514,  10,  60.7314141422
dup,  435600,  0.01,  1000.0,  0.05,  1786.24186586,  226.211441881,  12,  364.026507086,  14,  346.541003184,  10,  61.262584528
dup,  439200,  0.01,  1000.0,  0.05,  1801.93343807,  228.187426405,  12,  367.184308127,  14,  349.580071855,  10,  61.7937578946
dup,  442800,  0.01,  1000.0,  0.05,  1817.62501027,  230.163410928,  12,  370.342109169,  14,  352.619140526,  10,  62.3249341658
dup,  446400,  0.01,  1000.0,  0.05,  1833.31658248,  232.139395452,  12,  373.49991021,  14,  355.658209196,  10,  62.856113268
dup,  450000,  0.01,  1000.0,  0.05,  1849.00815468,  234.115379976,  12,  376.657711251,  14,  358.697277867,  10,  63.3872951299
dup,  453600,  0.01,  1000.0,  0.05,  1864.69972689,  236.091364499,  12,  379.815512293,  14,  361.736346537,  10,  63.9184796827
dup,  457200,  0.01,  1000.0,  0.05,  1880.3912991,  238.067349023,  12,  382.973313334,  14,  364.775415208,  10,  64.4496668601
dup,  460800,  0.01,  1000.0,  0.05,  1896.0828713,  240.043333547,  12,  386.131114376,  14,  367.814483878,  10,  64.9808565975
dup,  464400,  0.01,  1000.0,  0.05,  1911.77478403,  238.091422585,  12,  389.238516556,  13,  374.72419373,  11,  68.0886870467
dup,  468000,  0.01,  1000.0,  0.05,  1927.47042105,  232.274383218,  11,  392.357924394,  13,  385.38371028,  12,  73.8751543343
dup,  471600,  0.01,  1000.0,  0.05,  1943.16856217,  230.678458033,  11,  395.515725435,  13,  391.9004908,  13,  76.8670847746
dup,  475200,  0.01,  1000.0,  0.05,  1958.86693279,  232.53141285,  11,  398.673526477,  13,  395.062589178,  13,  77.4830619964
dup,  478800,  0.01,  1000.0,  0.04,  1731.52770449,  249.923256165,  12,  422.914417638,  16,  362.258575685,  8,  71.6661217982
dup,  482400,  0.01,  1000.0,  0.04,  1745.29622837,  251.899240689,  12,  426.24092281,  16,  365.128940225,  8,  72.2270043353
dup,  486000,  0.01,  1000.0,  0.04,  1759.06820389,  253.875225212,  12,  408.235721665,  14,  389.087964572,  10,  68.6992514531
dup,  489600,  0.01,  1000.0,  0.04,  1772.84040975,  255.851209736,  12,  411.393522707,  14,  392.127033242,  10,  69.230459588
dup,  493200,  0.01,  1000.0,  0.04,  1786.61261561,  257.82719426,  12,  414.551323748,  14,  395.166101913,  10,  69.7616697883
dup,  496800,  0.01,  1000.0,  0.04,  1800.38482146,  259.803178783,  12,  417.70912479,  14,  398.205170583,  10,  70.2928820073
dup,  500400,  0.01,  1000.0,  0.04,  1814.15702732,  261.779163307,  12,  420.866925831,  14,  401.244239254,  10,  70.8240961995
dup,  504000,  0.01,  1000.0,  0.04,  1827.92923318,  263.755147831,  12,  424.024726872,  14,  404.283307924,  10,  71.3553123208
dup,  507600,  0.01,  1000.0,  0.04,  1841.70143904,  265.731132354,  12,  427.182527914,  14,  407.322376595,  10,  71.8865303285
dup,  511200,  0.01,  1000.0,  0.04,  1855.4736449,  267.707116878,  12,  430.340328955,  14,  410.361445265,  10,  72.4177501811
dup,  514800,  0.01,  1000.0,  0.04,  1869.24585076,  269.683101402,  12,  433.498129997,  14,  413.400513936,  10,  72.9489718383
dup,  518400,  0.01,  1000.0,  0.04,  1883.01805661,  271.659085925,  12,  436.655931038,  14,  416.439582606,  10,  73.4801952609
dup,  522000,  0.01,  1000.0,  0.04,  1896.79026247,  273.635070449,  12,  439.813732079,  14,  419.478651277,  10,  74.011420411
dup,  525600,  0.01,  1000.0,  0.04,  1910.56246833,  275.611054973,  12,  442.971533121,  14,  422.517719947,  10,  74.5426472515
dup,  529200,  0.01,  1000.0,  0.04,  1924.33467419,  277.587039496,  12,  446.129334162,  14,  425.556788618,  10,  75.0738757466
dup,  532800,  0.01,  1000.0,  0.04,  1938.10688005,  279.56302402,  12,  449.287135204,  14,  428.595857288,  10,  75.6051058614
dup,  536400,  0.01,  1000.0,  0.04,  1951.87908591,  281.539008544,  12,  452.444936245,  14,  431.634925959,  10,  76.1363375621
dup,  540000,  0.01,  1000.0,  0.04,  1965.65129176,  283.514993067,  12,  455.602737286,  14,  434.673994629,  10,  76.6675708156
dup,  543600,  0.01,  1000.0,  0.04,  1979.42349762,  285.490977591,  12,  458.760538328,  14,  437.7130633,  10,  77.1988055899
dup,  547200,  0.01,  1000.0,  0.04,  1993.19570348,  287.466962115,  12,  461.918339369,  14,  440.75213197,  10,  77.7300418539
dup,  550800,  0.01,  1000.0,  0.04,  2006.96790934,  289.442946638,  12,  465.076140411,  14,  443.791200641,  10,  78.2612795771
dup,  554400,  0.01,  1000.0,  0.04,  2020.7401152,  291.418931162,  12,  468.233941452,  14,  446.830269311,  10,  78.79251873
dup,  558000,  0.01,  1000.0,  0.04,  2034.51232106,  293.394915686,  12,  471.391742493,  14,  449.869337982,  10,  79.3237592841
dup,  561600,  0.01,  1000.0,  0.04,  2048.28452691,  295.370900209,  12,  474.549543535,  14,  452.908406652,  10,  79.8550012112
dup,  565200,  0.01,  1000.0,  0.04,  2062.05673277,  297.346884733,  12,  477.707344576,  14,  455.947475323,  10,  80.3862444841
dup,  568800,  0.01,  1000.0,  0.04,  2075.82893863,  299.322869257,  12,  480.865145618,  14,  458.986543993,  10,  80.9174890764
dup,  572400,  0.01,  1000.0,  0.04,  2089.60114449,  301.29885378,  12,  484.022946659,  14,  462.025612664,  10,  81.4487349623
dup,  576000,  0.01,  1000.0,  0.04,  2103.37351979,  298.346893282,  12,  487.13034884,  13,  469.935372053,  11,  85.230058838
dup,  579600,  0.01,  1000.0,  0.04,  2117.1484455,  290.57004467,  11,  490.249756677,  13,  482.554697848,  12,  92.3696128327
dup,  583200,  0.01,  1000.0,  0.04,  2130.92444565,  288.120057353,  11,  493.407557719,  13,  489.925540499,  13,  95.9632657021
dup,  586800,  0.01,  1000.0,  0.04,  2144.70142619,  289.97301217,  11,  496.56535876,  13,  493.087638877,  13,  96.5792960256
dup,  590400,  0.01,  1000.0,  0.04,  2158.47840673,  291.825966987,  11,  499.723159802,  13,  496.249737254,  13,  97.1953275595
dup,  594000,  0.01,  1000.0,  0.04,  2172.25538726,  293.678921804,  11,  502.880960843,  13,  499.411835632,  13,  97.8113602809
dup,  597600,  0.01,  1000.0,  0.04,  2186.0323678,  295.531876621,  11,  506.038761885,  13,  502.573934009,  13,  98.4273941674
dup,  601200,  0.01,  1000.0,  0.04,  2199.80934834,  297.384831437,  11,  509.196562926,  13,  505.736032386,  13,  99.0434291974
dup,  604800,  0.01,  1000.0,  0.04,  2213.58632888,  299.237786254,  11,  512.354363967,  13,  508.898130764,  13,  99.6594653496
dup,  608400,  0.01,  1000.0,  0.04,  2227.36330942,  301.090741071,  11,  515.512165009,  13,  512.060229141,  13,  100.275502603
dup,  612000,  0.01,  1000.0,  0.04,  2241.14552132,  266.572832569,  10,  518.66996605,  13,  550.839078137,  15,  127.102371186
